190423 0808 1 6237865324 00032
190423 0809 2 6237865324 00032
190423 0815 1 6237865324 00032
190423 0815 2 6237865324 00032
190423 0823 3 0024646619 00169
190423 0823 3 0024646619 00169
190423 0825 4 0024646619 00169
190423 0830 3 5714746026 00201
190423 0830 4 5714746026 00201
190423 0835 4 0024646619 00169
190423 0838 1 3214223381 00188
190423 0843 1 3214223381 00188
190423 0850 1 2744845370 00079
190423 0851 2 2744845370 00079
190423 0851 4 5714746026 00201
190423 0853 1 3465808053 00177
190423 0853 2 3465808053 00177
190423 0854 1 2744845370 00079
190423 0854 2 2744845370 00079
190423 0856 1 2742353498 00146
190423 0856 2 2742353498 00146
190423 0857 3 3595204294 00193
190423 0857 4 3595204294 00193
190423 0859 1 2742353498 00146
190423 0859 2 2742353498 00146
190423 0859 1 2394843026 00210
190423 0900 2 2394843026 00210
190423 0900 1 3465808053 00177
190423 0900 2 3465808053 00177
190423 0901 1 3213553141 00195
190423 0901 2 3213553141 00195
190423 0904 2 3213553141 00195
190423 0906 1 2732830658 00207
190423 0906 2 2732830658 00207
190423 0907 1 3690229446 00183
190423 0907 2 3690229446 00183
190423 0915 4 3595204294 00193
190423 0916 4 3595204294 00193
190423 0919 1 3466733797 00190
190423 0919 2 3466733797 00190
190423 0920 1 2393511778 00205
190423 0920 2 2393511778 00205
190423 0922 1 1166545250 00208
190423 0922 2 1166545250 00208
190423 0922 1 2742353514 00192
190423 0922 2 2742353514 00192
190423 0924 1 4435111614 00164
190423 0924 2 4435111614 00164
190423 0924 4 2742354762 00047
190423 0926 1 1166545250 00208
190423 0926 2 1166545250 00208
190423 0927 4 2742354762 00047
190423 0927 1 2742353514 00192
190423 0928 2 2742353514 00192
190423 0928 3 3214505957 00202
190423 0928 4 3214505957 00202
190423 0930 1 3466748197 00150
190423 0930 4 5714746026 00201
190423 0930 2 3466748197 00150
190423 0932 1 3690229446 00183
190423 0932 2 3690229446 00183
190423 0932 1 3180611065 00152
190423 0933 2 3180611065 00152
190423 0934 4 3214505957 00202
190423 0935 1 3214017429 00180
190423 0935 2 3214017429 00180
190423 0937 4 3214505957 00202
190423 0937 1 3145645846 00198
190423 0937 2 3145645846 00198
190423 0942 1 3391149413 00181
190423 0942 2 3391149413 00181
190423 0942 1 2742353514 00192
190423 0943 1 6238034684 00171
190423 0943 2 6238034684 00171
190423 0944 1 2393511778 00205
190423 0945 2 2393511778 00205
190423 0945 4 0674051067 00004
190423 0946 1 3466658213 00186
190423 0946 2 3466658213 00186
190423 0947 1 3690229446 00183
190423 0947 2 3690229446 00183
190423 0948 4 0024646619 00169
190423 0950 1 3145645846 00198
190423 0951 2 3145645846 00198
190423 1001 1 3180300217 00153
190423 1001 2 3180300217 00153
190423 1006 2 0353805386 00904
190423 1009 1 2744845370 00079
190423 1009 2 2744845370 00079
190423 1009 1 2742353498 00146
190423 1010 2 2742353498 00146
190423 1011 1 0353805386 00904
190423 1012 2 0353805386 00904
190423 1013 1 0353805386 00904
190423 1014 2 0353805386 00904
190423 1017 4 3214505957 00202
190423 1018 2 2394843026 00210
190423 1019 2 3180300217 00153
190423 1026 1 3214017429 00180
190423 1027 2 3214017429 00180
190423 1030 1 1484663634 00166
190423 1030 2 1484663634 00166
190423 1042 4 0024646619 00169
190423 1043 4 0674051067 00004
190423 1046 1 3145645846 00198
190423 1046 2 3145645846 00198
190423 1051 1 0674051067 00004
190423 1051 2 0674051067 00004
190423 1052 4 3595204294 00193
190423 1053 4 3595204294 00193
190423 1055 1 2393511778 00205
190423 1056 2 2393511778 00205
190423 1057 1 2742353514 00192
190423 1057 2 2742353514 00192
190423 1059 1 2732830658 00207
190423 1059 4 2742354762 00047
190423 1059 2 2732830658 00207
190423 1100 1 6237865324 00032
190423 1100 2 6237865324 00032
190423 1102 1 2394843026 00210
190423 1102 2 2394843026 00210
190423 1103 1 1484663634 00166
190423 1104 2 1484663634 00166
190423 1104 1 2742353514 00192
190423 1105 2 2742353514 00192
190423 1106 4 0674051067 00004
190423 1107 1 3465808053 00177
190423 1107 2 3465808053 00177
190423 1113 2 3214223381 00188
190423 1118 1 0674051067 00004
190423 1118 2 0674051067 00004
190423 1119 1 1166545250 00208
190423 1119 2 1166545250 00208
190423 1130 1 3213553141 00195
190423 1130 2 3213553141 00195
190423 1131 1 4435111614 00164
190423 1131 2 4435111614 00164
190423 1133 4 0674051067 00004
190423 1137 1 3466658213 00186
190423 1137 2 3466658213 00186
190423 1137 1 3180300217 00153
190423 1138 4 3214505957 00202
190423 1138 2 3180300217 00153
190423 1143 1 6237865324 00032
190423 1143 2 6237865324 00032
190423 1145 1 3214017429 00180
190423 1145 2 3145645846 00198
190423 1150 1 2394843026 00210
190423 1150 2 2394843026 00210
190423 1156 1 2732830658 00207
190423 1156 2 2732830658 00207
190423 1159 4 5713740026 00175
190423 1203 4 3595204294 00193
190423 1203 2 2394843026 00210
190423 1204 2 0353805386 00904
190423 1207 4 0024646619 00169
190423 1209 2 1484663634 00166
190423 1213 2 0025842283 00158
190423 1214 2 3465808053 00177
190423 1216 3 4285846892 00200
190423 1216 4 4285846892 00200
190423 1217 2 2742353514 00192
190423 1220 2 3180300217 00153
190423 1221 3 4285846892 00200
190423 1221 4 4285846892 00200
190423 1224 1 0025842283 00158
190423 1224 2 0025842283 00158
190423 1227 1 3391149413 00181
190423 1227 1 6237865324 00032
190423 1228 2 6237865324 00032
190423 1228 4 2742354762 00047
190423 1229 4 5714746026 00201
190423 1233 1 6237865324 00032
190423 1233 2 6237865324 00032
190423 1235 2 2742353498 00146
190423 1236 4 3595204294 00193
190423 1236 1 3690229446 00183
190423 1236 2 2742353498 00146
190423 1237 2 3690229446 00183
190423 1237 2 4435111614 00164
190423 1238 2 3214017429 00180
190423 1239 4 0674051067 00004
190423 1241 2 2742353514 00192
190423 1242 4 0024646619 00169
190423 1246 2 2742353498 00146
190423 1247 2 2742353514 00192
190423 1252 2 2732830658 00207
190423 1253 2 2744845370 00079
190423 1257 2 0353805386 00904
190423 1257 1 3213553141 00195
190423 1258 2 3213553141 00195
190423 1258 2 0025842283 00158
190423 1300 4 5714746026 00201
190423 1300 2 2393511778 00205
190423 1300 2 3145645846 00198
190423 1301 2 3466748197 00150
190423 1305 2 3466733797 00190
190423 1305 2 3145645846 00198
190423 1305 2 3466658213 00186
190423 1306 4 0024646619 00169
190423 1306 2 1166545250 00208
190423 1306 4 0024646619 00169
190423 1306 2 5713740026 00175
190423 1308 2 4435111614 00164
190423 1308 2 3180300217 00153
190423 1309 2 2742353514 00192
190423 1312 4 5713740026 00175
190423 1313 2 3466658213 00186
190423 1313 4 3595204294 00193
190423 1313 4 3595204294 00193
190423 1314 1 2742353514 00192
190423 1315 2 2742353498 00146
190423 1315 2 3466658213 00186
190423 1318 2 2394843026 00210
190423 1320 2 1484663634 00166
190423 1322 2 2394843026 00210
190423 1322 2 1484663634 00166
190423 1324 2 3465808053 00177
190423 1324 2 3180611065 00152
190423 1330 2 3214223381 00188
190423 1330 3 4285846892 00200
190423 1331 4 4285846892 00200
190423 1331 2 1166545250 00208
190423 1334 2 2744845370 00079
190423 1335 2 2732830658 00207
190423 1336 2 2394843026 00210
190423 1337 4 3214505957 00202
190423 1338 2 3213553141 00195
190423 1340 2 3466748197 00150
190423 1340 2 3690229446 00183
190423 1342 2 3466658213 00186
190423 1345 4 3595204294 00193
190423 1347 2 3180611065 00152
190423 1401 2 3214223381 00188
190423 1409 2 3214017429 00180
190423 1412 4 5713740026 00175
190423 1414 2 3466748197 00150
190423 1414 2 3466658213 00186
190423 1415 4 5713740026 00175
190423 1420 4 0024646619 00169
190423 1431 4 2742354762 00047
190423 1433 2 4435111614 00164
190423 1436 2 6237865324 00032
190423 1441 2 3213553141 00195
190423 1442 3 4285846892 00200
190423 1444 3 4285846892 00200
190423 1448 2 3214223381 00188
190423 1448 2 0025842283 00158
190423 1450 2 2732830658 00207
190423 1454 2 3180611065 00152
190423 1457 4 3214505957 00202
190423 1501 4 3214505957 00202
190423 1501 2 4435111614 00164
190423 1502 2 1484663634 00166
190423 1503 2 4435111614 00164
190423 1504 4 0674051067 00004
190423 1510 2 3145645846 00198
190423 1514 2 1484663634 00166
190423 1515 2 2393511778 00205
190423 1520 2 2744845370 00079
190423 1534 2 3466658213 00186
190423 1536 2 3214017429 00180
190423 1537 4 0024646619 00169
190423 1549 2 3466733797 00190
190423 1550 2 2394843026 00210
190423 1554 2 1166545250 00208
190423 1555 4 3214505957 00202
190423 1558 4 6237865324 00032
190423 1559 2 3391149413 00181
190423 1600 2 2393511778 00205
190423 1604 2 3690229446 00183
190423 1610 2 0025842283 00158
190423 1610 2 3466748197 00150
190423 1612 4 0674051067 00004
190423 1619 2 2732830658 00207
190423 1620 2 1484663634 00166
190423 1622 2 3214223381 00188
190423 1623 2 6237865324 00032
190423 1623 4 2742354762 00047
190423 1624 2 6237865324 00032
190423 1625 2 6237865324 00032
190423 1625 4 3595204294 00193
190423 1627 2 3213553141 00195
190423 1639 2 0353805386 00904
190423 1640 2 2394843026 00210
190423 1640 2 3466658213 00186
190423 1641 2 2393511778 00205
190423 1647 1 3214223381 00188
190423 1648 2 0025842283 00158
190423 1649 1 3180300217 00153
190423 1649 2 3180300217 00153
190423 1650 1 2744845370 00079
190423 1650 2 2744845370 00079
190423 1650 1 3180611065 00152
190423 1651 2 3180611065 00152
190423 1656 2 3466748197 00150
190423 1656 4 5713740026 00175
190423 1659 1 1484663634 00166
190423 1700 2 1484663634 00166
190423 1701 1 2394843026 00210
190423 1701 2 2394843026 00210
190423 1703 1 3180611065 00152
190423 1703 2 3180611065 00152
190423 1704 1 2394843026 00210
190423 1704 2 2394843026 00210
190423 1709 1 3466658213 00186
190423 1709 2 3214017429 00180
190423 1709 1 3145645846 00198
190423 1710 2 3145645846 00198
190423 1710 4 0024646619 00169
190423 1718 1 2744845370 00079
190423 1718 2 6237865324 00032
190423 1720 1 3213553141 00195
190423 1720 2 3213553141 00195
190423 1723 1 2732830658 00207
190423 1723 2 2732830658 00207
190423 1723 1 2393511778 00205
190423 1723 2 2393511778 00205
190423 1725 1 1484663634 00166
190423 1726 2 1484663634 00166
190423 1728 1 0025842283 00158
190423 1728 2 0025842283 00158
190423 1736 4 3214505957 00202
190423 1740 1 1166545250 00208
190423 1741 2 1166545250 00208
190423 1745 1 3690229446 00183
190423 1746 2 3690229446 00183
190423 1746 1 6237865324 00032
190423 1752 3 5714746026 00201
190423 1752 4 5714746026 00201
190423 1754 2 0353805386 00904
190423 1754 4 5714746026 00201
190423 1756 4 5714746026 00201
190423 1756 2 3214017429 00180
190423 1757 4 0024646619 00169
190423 1758 1 3214223381 00188
190423 1800 1 3214223381 00188
190423 1800 1 2393511778 00205
190423 1800 2 2393511778 00205
190423 1801 3 0024646619 00169
190423 1803 4 3595204294 00193
190423 1804 1 0353805386 00904
190423 1804 1 0353805386 00904
190423 1804 2 0353805386 00904
190423 1808 1 3466658213 00186
190423 1808 2 3466658213 00186
190423 1809 1 1484663634 00166
190423 1810 2 1484663634 00166
190423 1812 1 1484663634 00166
190423 1812 2 1484663634 00166
190423 1814 1 3466748197 00150
190423 1815 2 3466748197 00150
190423 1820 1 3180611065 00152
190423 1820 2 3180611065 00152
190423 1821 1 3180611065 00152
190423 1825 4 3595204294 00193
190423 1826 1 3145645846 00198
190423 1827 2 3145645846 00198
190423 1829 3 3595204294 00193
190423 1831 1 3213553141 00195
190423 1831 4 0674051067 00004
190423 1831 1 2744845370 00079
190423 1839 1 2393511778 00205
190423 1840 2 2393511778 00205
190423 1841 1 1166545250 00208
190423 1842 2 1166545250 00208
190423 1849 2 1166545250 00208
190423 1849 1 1166545250 00208
190423 1851 1 2393511778 00205
190423 1851 2 4435111614 00164
190423 1854 1 1484663634 00166
190423 1855 2 1484663634 00166
190423 1855 1 4435111614 00164
190423 1857 4 0674051067 00004
190423 1900 1 2742353498 00146
190423 1900 1 2732830658 00207
190423 1910 2 2742353498 00146
190423 1910 2 3214017429 00180
190423 1915 1 3690229446 00183
190423 1915 1 3145645846 00198
190423 1915 1 2742353498 00146
190423 1915 1 3466658213 00186
190423 1915 1 3466748197 00150
190423 1915 1 3214017429 00180
190423 1924 4 3214505957 00202
190423 1926 4 3214505957 00202
190423 1926 1 3391149413 00181
190423 1926 1 3180300217 00153
190423 1926 2 3180300217 00153
190423 1927 2 2394843026 00210
190423 1927 4 3214505957 00202
190423 1927 1 3180300217 00153
190423 1930 1 3465808053 00177
190423 1931 3 3214505957 00202
190423 1935 1 3391149413 00181
190423 1952 1 6238034684 00171
