190418 0810 1 6237865324 00032
190418 0810 2 6237865324 00032
190418 0817 1 6237865324 00032
190418 0817 2 6237865324 00032
190418 0819 3 0024646619 00169
190418 0820 3 0024646619 00169
190418 0821 4 0024646619 00169
190418 0828 4 0674051067 00004
190418 0833 4 0024646619 00169
190418 0837 1 3214223381 00188
190418 0837 3 5714746026 00201
190418 0838 4 5714746026 00201
190418 0844 1 3214223381 00188
190418 0845 4 5714746026 00201
190418 0846 1 3465808053 00177
190418 0847 2 3465808053 00177
190418 0852 1 3465808053 00177
190418 0852 2 3465808053 00177
190418 0856 1 2742353498 00146
190418 0856 2 2742353498 00146
190418 0857 1 2732830658 00207
190418 0858 2 2732830658 00207
190418 0858 1 2744845370 00079
190418 0858 1 3213553141 00195
190418 0858 2 3213553141 00195
190418 0859 2 3214223381 00188
190418 0900 1 2742353514 00192
190418 0900 2 2732830658 00207
190418 0901 2 3213553141 00195
190418 0904 1 2742353514 00192
190418 0904 2 2742353514 00192
190418 0904 1 2742353514 00192
190418 0905 2 2742353514 00192
190418 0909 4 5714746026 00201
190418 0909 1 3690229446 00183
190418 0910 2 3690229446 00183
190418 0913 1 2393511778 00205
190418 0913 2 2393511778 00205
190418 0916 1 1166545250 00208
190418 0916 2 1166545250 00208
190418 0916 1 2393511778 00205
190418 0916 2 2393511778 00205
190418 0920 1 1166545250 00208
190418 0920 2 1166545250 00208
190418 0920 1 4435111614 00164
190418 0920 1 4435111614 00164
190418 0920 2 4435111614 00164
190418 0921 1 2732830658 00207
190418 0921 2 2732830658 00207
190418 0922 2 3214223381 00188
190418 0924 1 2394843026 00210
190418 0925 2 2394843026 00210
190418 0927 1 3180611065 00152
190418 0927 2 3180611065 00152
190418 0929 1 3391149413 00181
190418 0929 2 3391149413 00181
190418 0930 1 3145645846 00198
190418 0930 2 3145645846 00198
190418 0931 3 3214505957 00202
190418 0932 2 3690229446 00183
190418 0932 3 3595204294 00193
190418 0932 2 3466733797 00190
190418 0933 2 2732830658 00207
190418 0938 1 3466748197 00150
190418 0938 1 3214017429 00180
190418 0938 2 3214017429 00180
190418 0940 1 3466658213 00186
190418 0940 2 3466658213 00186
190418 0941 1 6238034684 00171
190418 0941 2 6238034684 00171
190418 0945 2 3145645846 00198
190418 0946 2 3690229446 00183
190418 0948 2 2742353498 00146
190418 0955 1 3180300217 00153
190418 0955 2 2394843026 00210
190418 0955 2 1484663634 00166
190418 0958 1 4286217980 00905
190418 0958 2 4286217980 00905
190418 0959 1 6237865324 00032
190418 0959 2 6237865324 00032
190418 1010 1 2732830658 00207
190418 1011 2 2732830658 00207
190418 1012 1 4286217980 00905
190418 1012 2 4286217980 00905
190418 1014 1 4286217980 00905
190418 1014 2 6355944412 00000
190418 1015 2 2394843026 00210
190418 1019 1 3214017429 00180
190418 1019 2 3214017429 00180
190418 1025 1 2742353514 00192
190418 1025 1 3180611065 00152
190418 1026 2 3180611065 00152
190418 1026 1 2742353514 00192
190418 1027 2 2742353514 00192
190418 1027 1 3466748197 00150
190418 1027 2 3466748197 00150
190418 1027 1 3145645846 00198
190418 1028 2 3145645846 00198
190418 1035 1 2393511778 00205
190418 1035 2 2393511778 00205
190418 1038 1 2394843026 00210
190418 1038 2 2394843026 00210
190418 1044 1 1166545250 00208
190418 1044 2 1166545250 00208
190418 1047 1 3466658213 00186
190418 1048 2 3466658213 00186
190418 1051 1 3180300217 00153
190418 1052 2 3180300217 00153
190418 1052 1 2732830658 00207
190418 1052 2 2732830658 00207
190418 1057 1 3465808053 00177
190418 1057 2 3465808053 00177
190418 1101 2 6237865324 00032
190418 1104 2 4435111614 00164
190418 1106 2 4435111614 00164
190418 1107 2 2742353498 00146
190418 1108 2 3214223381 00188
190418 1110 3 4435111614 00164
190418 1113 2 0024646619 00169
190418 1117 3 1166545250 00208
190418 1119 1 1166545250 00208
190418 1120 2 1166545250 00208
190418 1124 1 2393511778 00205
190418 1124 2 2393511778 00205
190418 1131 1 2394843026 00210
190418 1131 2 2394843026 00210
190418 1137 1 3466748197 00150
190418 1138 2 3466748197 00150
190418 1141 2 3180300217 00153
190418 1146 1 2744845370 00079
190418 1146 2 2744845370 00079
190418 1149 3 4285846892 00200
190418 1149 1 3213553141 00195
190418 1149 2 3213553141 00195
190418 1150 2 0674051067 00004
190418 1150 2 4435111614 00164
190418 1152 1 4285846892 00200
190418 1152 2 4285846892 00200
190418 1153 2 2732830658 00207
190418 1154 2 0025842283 00158
190418 1154 2 3145645846 00198
190418 1156 2 3214017429 00180
190418 1206 2 0674051067 00004
190418 1206 2 2394843026 00210
190418 1214 2 3465808053 00177
190418 1216 4 0674051067 00004
190418 1222 2 3180300217 00153
190418 1222 4 0024646619 00169
190418 1223 1 2393511778 00205
190418 1224 2 2732830658 00207
190418 1224 2 3391149413 00181
190418 1225 1 6237865324 00032
190418 1225 2 6237865324 00032
190418 1226 4 2742354762 00047
190418 1230 2 3690229446 00183
190418 1230 1 6237865324 00032
190418 1231 2 6237865324 00032
190418 1234 2 2742353514 00192
190418 1235 4 5714746026 00201
190418 1236 2 3690229446 00183
190418 1238 4 5714746026 00201
190418 1244 2 2732830658 00207
190418 1248 4 1166545250 00208
190418 1249 2 3466748197 00150
190418 1250 2 2393511778 00205
190418 1253 3 4285846892 00200
190418 1253 4 4285846892 00200
190418 1253 2 3466748197 00150
190418 1254 4 3595204294 00193
190418 1258 2 3145645846 00198
190418 1259 2 3466658213 00186
190418 1304 2 3466733797 00190
190418 1305 2 3145645846 00198
190418 1307 2 2742353514 00192
190418 1308 2 3391149413 00181
190418 1308 2 2394843026 00210
190418 1308 2 3180300217 00153
190418 1310 2 3180611065 00152
190418 1310 2 3213553141 00195
190418 1311 2 4435111614 00164
190418 1311 2 2732830658 00207
190418 1311 3 4285846892 00200
190418 1312 2 2394843026 00210
190418 1313 1 2742353514 00192
190418 1315 2 3214223381 00188
190418 1316 2 4435111614 00164
190418 1325 2 2744845370 00079
190418 1326 2 2732830658 00207
190418 1327 2 6237865324 00032
190418 1328 2 2742353498 00146
190418 1329 2 3214017429 00180
190418 1330 2 1484663634 00166
190418 1331 2 1166545250 00208
190418 1331 2 3466658213 00186
190418 1331 2 3145645846 00198
190418 1331 2 3213553141 00195
190418 1333 2 3465808053 00177
190418 1339 2 6355944412 00000
190418 1355 2 2394843026 00210
190418 1401 2 6237865324 00032
190418 1406 2 0674051067 00004
190418 1413 1 3180611065 00152
190418 1413 2 3180611065 00152
190418 1413 4 4285846892 00200
190418 1417 2 3214017429 00180
190418 1417 2 4286217980 00905
190418 1418 2 4286217980 00905
190418 1418 2 3214223381 00188
190418 1438 3 1166545250 00208
190418 1441 1 1166545250 00208
190418 1441 1 3465808053 00177
190418 1443 1 3391149413 00181
190418 1448 1 3213553141 00195
190418 1507 3 4285846892 00200
190418 1507 3 4285846892 00200
190418 1508 2 4286217980 00905
190418 1549 4 5714746026 00201
190418 1659 2 3466748197 00150
190418 1705 1 1166545250 00208
190418 1709 1 3180611065 00152
190418 1735 2 3466748197 00150
190418 1803 2 4286217980 00905
190418 1808 3 0024646619 00169
190418 1808 1 3214223381 00188
190418 1820 1 2742353498 00146
190418 1830 1 2744845370 00079
190418 1830 1 3213553141 00195
190418 1835 2 1166545250 00208
190418 1835 1 1166545250 00208
190418 1837 1 3180611065 00152
190418 1840 3 5714746026 00201
190418 1840 3 5714746026 00201
190418 1850 1 4435111614 00164
190418 1904 1 3465808053 00177
190418 1905 1 3391149413 00181
190418 1910 3 3595204294 00193
190418 1911 1 1484663634 00166
190418 1912 1 3145645846 00198
190418 1912 1 3466658213 00186
190418 1916 1 3466748197 00150
190418 1922 2 2394843026 00210
190418 1923 3 3214505957 00202
190418 1924 2 3214017429 00180
190418 1925 1 2394843026 00210
190418 1926 2 2732830658 00207
190418 1928 1 3214017429 00180
190418 1928 1 2732830658 00207
190418 1928 1 2393511778 00205
190418 1928 1 6237865324 00032
190418 1953 1 0025842283 00158
190418 1953 2 0025842283 00158
190418 1956 1 0025842283 00158
