190329 0755 3 0674051067 00004
190329 0755 4 0674051067 00004
190329 0758 1 6237865324 00032
190329 0758 2 6237865324 00032
190329 0807 1 6237865324 00032
190329 0808 2 6237865324 00032
190329 0811 1 6237865324 00032
190329 0812 2 6237865324 00032
190329 0817 3 0024646619 00169
190329 0817 4 0024646619 00169
190329 0819 1 3145526534 00199
190329 0819 2 3145526534 00199
190329 0821 1 3145526534 00199
190329 0822 2 3145526534 00199
190329 0824 1 2394843026 00210
190329 0824 2 2394843026 00210
190329 0842 4 0024646619 00169
190329 0845 1 2744845370 00079
190329 0845 2 2744845370 00079
190329 0846 1 0024646619 00169
190329 0846 2 0024646619 00169
190329 0847 3 5714746026 00201
190329 0847 4 5714746026 00201
190329 0849 4 0024646619 00169
190329 0850 1 2744845370 00079
190329 0850 2 2744845370 00079
190329 0852 4 6237865324 00032
190329 0853 1 3465808053 00177
190329 0853 2 3465808053 00177
190329 0858 4 5714746026 00201
190329 0906 4 0024646619 00169
190329 0907 1 3690229446 00183
190329 0908 2 3690229446 00183
190329 0910 1 2732830658 00207
190329 0911 2 2732830658 00207
190329 0911 1 3690229446 00183
190329 0912 2 3690229446 00183
190329 0913 1 2732830658 00207
190329 0914 2 2732830658 00207
190329 0917 1 1166545250 00208
190329 0917 2 1166545250 00208
190329 0917 1 6237865324 00032
190329 0918 2 6237865324 00032
190329 0918 1 0025842283 00158
190329 0918 2 0025842283 00158
190329 0919 1 4435111614 00164
190329 0919 2 4435111614 00164
190329 0923 1 1166545250 00208
190329 0923 2 1166545250 00208
190329 0923 1 2742353514 00192
190329 0924 4 3214505957 00202
190329 0924 2 2742353514 00192
190329 0924 3 3214505957 00202
190329 0924 4 3214505957 00202
190329 0925 1 2393511778 00205
190329 0925 2 2393511778 00205
190329 0927 4 3214505957 00202
190329 0927 1 3214223381 00188
190329 0927 1 3180611065 00152
190329 0927 2 3180611065 00152
190329 0928 4 2742354762 00047
190329 0928 1 3213553141 00195
190329 0928 2 3213553141 00195
190329 0929 2 2393511778 00205
190329 0929 2 0674051067 00004
190329 0929 1 3214017429 00180
190329 0930 2 3214017429 00180
190329 0930 4 2742354762 00047
190329 0932 3 3595204294 00193
190329 0932 4 3595204294 00193
190329 0933 2 2742353514 00192
190329 0934 1 3145645846 00198
190329 0934 2 3213553141 00195
190329 0934 1 3466748197 00150
190329 0934 2 3145645846 00198
190329 0936 2 3214017429 00180
190329 0937 2 3214223381 00188
190329 0938 1 3180300217 00153
190329 0938 2 3180300217 00153
190329 0939 1 2394843026 00210
190329 0939 2 2394843026 00210
190329 0941 1 3145645846 00198
190329 0942 2 3145645846 00198
190329 0945 4 0674051067 00004
190329 0945 1 3690229446 00183
190329 0945 2 3690229446 00183
190329 0947 4 3595204294 00193
190329 0950 1 3180300217 00153
190329 0950 2 3180300217 00153
190329 0952 1 3391149413 00181
190329 0953 2 3391149413 00181
190329 0954 1 6238034684 00171
190329 0954 2 6238034684 00171
190329 0958 1 1484663634 00166
190329 0958 2 1484663634 00166
190329 0958 1 2744845370 00079
190329 0958 2 2744845370 00079
190329 1009 2 0353805386 00904
190329 1012 2 3214223381 00188
190329 1013 2 3595839158 00905
190329 1014 2 3214223381 00188
190329 1015 1 2394843026 00210
190329 1016 2 2394843026 00210
190329 1016 1 3466658213 00186
190329 1016 2 3466658213 00186
190329 1021 4 3595204294 00193
190329 1023 1 3465808053 00177
190329 1023 2 3465808053 00177
190329 1023 1 3180611065 00152
190329 1024 2 3180611065 00152
190329 1028 2 4435111614 00164
190329 1031 1 6237865324 00032
190329 1031 2 6237865324 00032
190329 1033 2 4435111614 00164
190329 1037 2 3214223381 00188
190329 1037 4 0025842283 00158
190329 1038 2 1484663634 00166
190329 1043 1 3690229446 00183
190329 1043 2 3690229446 00183
190329 1047 2 0025842283 00158
190329 1047 2 1484663634 00166
190329 1047 2 2394843026 00210
190329 1050 2 3595839158 00905
190329 1053 4 3595839158 00905
190329 1057 1 3595839158 00905
190329 1057 2 3595839158 00905
190329 1057 4 0024646619 00169
190329 1057 1 3214017429 00180
190329 1057 2 3214017429 00180
190329 1059 1 3214017429 00180
190329 1059 2 3214017429 00180
190329 1100 1 2742353514 00192
190329 1101 2 2742353514 00192
190329 1101 2 0674051067 00004
190329 1103 1 0353805386 00904
190329 1103 2 3214223381 00188
190329 1104 1 2393511778 00205
190329 1104 2 2393511778 00205
190329 1105 1 2732830658 00207
190329 1106 2 2732830658 00207
190329 1106 1 3466658213 00186
190329 1106 2 3466658213 00186
190329 1106 4 2742354762 00047
190329 1107 2 0025842283 00158
190329 1108 4 3214505957 00202
190329 1108 1 3595839158 00905
190329 1109 2 3595839158 00905
190329 1109 2 0025842283 00158
190329 1110 4 0674051067 00004
190329 1110 1 3466748197 00150
190329 1111 2 3466748197 00150
190329 1118 1 0674051067 00004
190329 1118 2 0674051067 00004
190329 1119 1 1166545250 00208
190329 1119 2 1166545250 00208
190329 1123 4 0674051067 00004
190329 1127 1 2744845370 00079
190329 1128 2 2744845370 00079
190329 1131 1 2742353514 00192
190329 1131 2 2742353514 00192
190329 1134 1 3145645846 00198
190329 1134 2 3145645846 00198
190329 1140 1 3213553141 00195
190329 1140 2 3213553141 00195
190329 1141 2 3180300217 00153
190329 1142 1 6237865324 00032
190329 1143 2 6237865324 00032
190329 1143 1 2394843026 00210
190329 1144 2 2394843026 00210
190329 1144 2 3180300217 00153
190329 1144 1 3180300217 00153
190329 1145 1 2732830658 00207
190329 1145 2 2732830658 00207
190329 1146 1 2393511778 00205
190329 1146 2 2393511778 00205
190329 1147 1 0353805386 00904
190329 1147 2 0353805386 00904
190329 1149 4 5714746026 00201
190329 1157 1 3214223381 00188
190329 1158 2 3214017429 00180
190329 1201 1 3145645846 00198
190329 1201 2 3145645846 00198
190329 1202 2 3213553141 00195
190329 1203 2 3145526534 00199
190329 1210 2 2394843026 00210
190329 1211 2 0674051067 00004
190329 1214 4 0674051067 00004
190329 1215 4 0024646619 00169
190329 1217 2 0674051067 00004
190329 1225 4 0674051067 00004
190329 1226 2 6237865324 00032
190329 1226 4 2742354762 00047
190329 1227 4 3214505957 00202
190329 1230 2 3465808053 00177
190329 1231 2 3213553141 00195
190329 1231 2 6237865324 00032
190329 1236 2 3180611065 00152
190329 1240 1 3466748197 00150
190329 1240 2 3595839158 00905
190329 1240 2 4435111614 00164
190329 1243 2 2744845370 00079
190329 1245 3 5714746026 00201
190329 1245 4 5714746026 00201
190329 1253 4 3214505957 00202
190329 1253 1 2742353498 00146
190329 1253 2 3213553141 00195
190329 1255 4 3214505957 00202
190329 1302 4 0024646619 00169
190329 1302 4 0024646619 00169
190329 1303 4 0674051067 00004
190329 1304 2 2742353514 00192
190329 1308 2 2742353514 00192
190329 1317 2 0353805386 00904
190329 1317 2 3180611065 00152
190329 1319 2 3595839158 00905
190329 1320 2 3466748197 00150
190329 1322 2 4435111614 00164
190329 1324 2 0025842283 00158
190329 1324 4 3214505957 00202
190329 1327 2 3466748197 00150
190329 1327 2 2742353498 00146
190329 1330 2 3214223381 00188
190329 1332 2 3465808053 00177
190329 1332 2 2742353514 00192
190329 1334 2 3214017429 00180
190329 1336 2 1166545250 00208
190329 1337 2 2742353514 00192
190329 1337 2 3690229446 00183
190329 1339 2 0353805386 00904
190329 1339 2 3145526534 00199
190329 1340 2 3213553141 00195
190329 1341 2 3391149413 00181
190329 1341 4 3595204294 00193
190329 1342 2 1484663634 00166
190329 1342 2 3690229446 00183
190329 1342 2 6238034684 00171
190329 1344 2 6237865324 00032
190329 1345 2 4435111614 00164
190329 1347 2 3595839158 00905
190329 1347 2 3145645846 00198
190329 1347 4 5714746026 00201
190329 1348 2 3595839158 00905
190329 1350 4 3214505957 00202
190329 1353 3 4285846892 00200
190329 1354 4 4285846892 00200
190329 1354 2 3466748197 00150
190329 1356 4 2744845370 00079
190329 1358 4 3595839158 00905
190329 1358 4 4285846892 00200
190329 1359 2 3145526534 00199
190329 1400 4 0674051067 00004
190329 1400 4 3213553141 00195
190329 1400 4 4435111614 00164
190329 1401 1 6237865324 00032
190329 1401 4 3145526534 00199
190329 1401 2 6237865324 00032
190329 1401 4 3595839158 00905
190329 1402 4 2732830658 00207
190329 1402 4 2732830658 00207
190329 1403 4 6237865324 00032
190329 1406 1 3214223381 00188
190329 1421 4 3595204294 00193
190329 1421 4 0024646619 00169
190329 1422 1 3214223381 00188
190329 1422 2 3214223381 00188
190329 1444 2 3214223381 00188
190329 1448 4 3214223381 00188
190329 1453 4 3214505957 00202
190329 1455 3 3690229446 00183
190329 1455 4 3690229446 00183
190329 1456 3 3466658213 00186
190329 1456 4 3466658213 00186
190329 1457 3 1484663634 00166
190329 1458 4 1484663634 00166
190329 1507 4 0674051067 00004
190329 1508 3 3214017429 00180
190329 1508 4 3214017429 00180
190329 1511 3 2394843026 00210
190329 1511 4 2394843026 00210
190329 1512 3 2742353514 00192
190329 1512 4 2742353514 00192
190329 1513 3 2744845370 00079
190329 1513 4 2744845370 00079
190329 1513 3 1166545250 00208
190329 1513 4 1166545250 00208
190329 1522 4 3595204294 00193
190329 1528 4 2742354762 00047
190329 1530 1 3466748197 00150
190329 1530 2 3466748197 00150
190329 1531 1 3465808053 00177
190329 1531 2 3465808053 00177
190329 1532 1 1166545250 00208
190329 1533 2 1166545250 00208
190329 1540 4 3466748197 00150
190329 1542 4 4285846892 00200
190329 1543 1 0353805386 00904
190329 1543 2 0353805386 00904
190329 1544 4 2394843026 00210
190329 1544 1 3466748197 00150
190329 1544 2 3466748197 00150
190329 1545 4 6238034684 00171
190329 1546 1 2394843026 00210
190329 1546 2 2394843026 00210
190329 1546 2 3690229446 00183
190329 1547 2 2742353514 00192
190329 1547 1 3391149413 00181
190329 1548 2 3595839158 00905
190329 1548 2 2742353514 00192
190329 1550 2 0353805386 00904
190329 1551 2 2393511778 00205
190329 1551 2 3213553141 00195
190329 1553 2 3214017429 00180
190329 1553 2 6237865324 00032
190329 1554 2 6237865324 00032
190329 1555 2 2732830658 00207
190329 1555 2 2742353514 00192
190329 1556 2 2742353514 00192
190329 1557 2 3214223381 00188
190329 1557 4 6237865324 00032
190329 1604 1 3213553141 00195
190329 1605 2 3214223381 00188
190329 1611 1 2393511778 00205
190329 1612 2 3213553141 00195
190329 1612 2 1484663634 00166
190329 1612 2 2393511778 00205
190329 1616 2 3145526534 00199
190329 1617 4 0024646619 00169
190329 1623 4 5714746026 00201
190329 1626 4 0024646619 00169
190329 1627 2 4435111614 00164
190329 1629 2 2742353514 00192
190329 1630 2 2742353514 00192
190329 1630 2 3145645846 00198
190329 1631 4 3214505957 00202
190329 1632 3 0024646619 00169
190329 1635 2 3595204294 00193
190329 1636 2 6237865324 00032
190329 1637 4 3595204294 00193
190329 1638 2 0353805386 00904
190329 1646 1 2394843026 00210
190329 1646 2 2394843026 00210
190329 1647 1 2742353498 00146
190329 1648 2 2742353498 00146
190329 1649 1 2744845370 00079
190329 1651 4 4285846892 00200
190329 1652 1 3180611065 00152
190329 1652 2 0025842283 00158
190329 1653 2 3466748197 00150
190329 1653 1 2742353514 00192
190329 1653 2 2742353514 00192
190329 1654 1 4285846892 00200
190329 1654 1 5714746026 00201
190329 1656 3 4285846892 00200
190329 1656 4 4285846892 00200
190329 1656 2 0025842283 00158
190329 1658 3 4285846892 00200
190329 1658 4 4285846892 00200
190329 1659 1 3180611065 00152
190329 1700 2 3180611065 00152
190329 1700 4 5714746026 00201
190329 1700 2 0025842283 00158
190329 1701 4 3465808053 00177
190329 1702 2 3466658213 00186
190329 1704 2 0353805386 00904
190329 1704 4 2394843026 00210
190329 1704 4 3145526534 00199
190329 1708 2 2393511778 00205
190329 1710 2 2393511778 00205
190329 1729 2 1166545250 00208
190329 1744 2 6237865324 00032
190329 1746 2 3213553141 00195
190329 1755 2 1484663634 00166
190329 1756 2 3690229446 00183
190329 1803 2 2393511778 00205
190329 1804 2 0353805386 00904
190329 1806 2 3214017429 00180
190329 1808 1 2744845370 00079
190329 1808 2 2744845370 00079
190329 1810 1 3214223381 00188
190329 1810 1 6238034684 00171
190329 1811 2 6238034684 00171
190329 1811 2 4435111614 00164
190329 1811 2 3180611065 00152
190329 1812 2 3145526534 00199
190329 1812 1 3214223381 00188
190329 1814 1 2742353514 00192
190329 1814 2 2742353514 00192
190329 1816 2 2394843026 00210
190329 1818 3 4285846892 00200
190329 1818 3 5714746026 00201
190329 1818 3 5714746026 00201
190329 1818 4 4285846892 00200
190329 1818 4 5714746026 00201
190329 1823 1 4285846892 00200
190329 1823 2 4285846892 00200
190329 1824 1 2742353514 00192
190329 1824 2 2742353514 00192
190329 1826 1 2744845370 00079
190329 1826 2 2744845370 00079
190329 1827 1 3466658213 00186
190329 1828 2 3466658213 00186
190329 1830 4 3214505957 00202
190329 1830 2 1166545250 00208
190329 1831 1 1166545250 00208
190329 1834 4 3214505957 00202
190329 1834 1 2393511778 00205
190329 1834 2 2393511778 00205
190329 1836 1 2393511778 00205
190329 1836 2 2393511778 00205
190329 1839 4 3214505957 00202
190329 1840 4 3595204294 00193
190329 1842 1 3213553141 00195
190329 1842 2 3213553141 00195
190329 1843 1 2393511778 00205
190329 1843 1 3595839158 00905
190329 1844 2 3595839158 00905
190329 1844 1 3213553141 00195
190329 1844 2 3213553141 00195
190329 1845 1 0353805386 00904
190329 1845 2 0353805386 00904
190329 1846 1 3595839158 00905
190329 1848 1 3180611065 00152
190329 1848 1 3213553141 00195
190329 1849 1 3465808053 00177
190329 1851 1 2742353498 00146
190329 1851 2 2742353498 00146
190329 1858 3 3214505957 00202
190329 1900 1 3145645846 00198
190329 1901 2 3145645846 00198
190329 1903 1 3145526534 00199
190329 1906 2 1484663634 00166
190329 1908 1 3145645846 00198
190329 1908 1 3466658213 00186
190329 1909 2 6237865324 00032
190329 1911 2 3214017429 00180
190329 1912 2 4435111614 00164
190329 1912 1 2732830658 00207
190329 1913 2 3690229446 00183
190329 1914 2 6237865324 00032
190329 1917 2 3690229446 00183
190329 1917 2 3466748197 00150
190329 1917 1 4435111614 00164
190329 1917 1 3391149413 00181
190329 1917 1 6238034684 00171
190329 1917 1 3214017429 00180
190329 1917 1 2742353498 00146
190329 1917 1 3145526534 00199
190329 1925 4 3595204294 00193
190329 1928 3 3595204294 00193
190329 1928 4 3595204294 00193
190329 1930 3 3595204294 00193
190329 1934 1 2744845370 00079
190329 1950 3 4285846892 00200
190329 1950 4 4285846892 00200
190329 1951 1 0025842283 00158
190329 1951 2 0025842283 00158
190329 1952 3 4285846892 00200
190329 1954 1 0025842283 00158
190329 1954 2 0025842283 00158
190329 2000 1 0025842283 00158
190329 2014 1 6237865324 00032
