190417 0759 1 6237865324 00032
190417 0759 2 6237865324 00032
190417 0801 2 3214104853 00901
190417 0805 2 6237865324 00032
190417 0808 2 6237865324 00032
190417 0812 2 3214104853 00901
190417 0829 3 0024646619 00169
190417 0829 3 0024646619 00169
190417 0829 2 3214104853 00901
190417 0829 3 5714746026 00201
190417 0829 3 5714746026 00201
190417 0830 4 5714746026 00201
190417 0831 4 0024646619 00169
190417 0837 4 0024646619 00169
190417 0851 2 3465808053 00177
190417 0851 2 2394843026 00210
190417 0855 3 5714746026 00201
190417 0856 2 3465808053 00177
190417 0857 4 5714746026 00201
190417 0858 2 2732830658 00207
190417 0859 2 3465808053 00177
190417 0859 1 3213553141 00195
190417 0859 2 3213553141 00195
190417 0900 2 2732830658 00207
190417 0902 2 3213553141 00195
190417 0903 2 2394843026 00210
190417 0904 2 2394843026 00210
190417 0904 1 3214223381 00188
190417 0910 1 4435111614 00164
190417 0910 2 4435111614 00164
190417 0917 1 2744845370 00079
190417 0918 2 2744845370 00079
190417 0920 2 2732830658 00207
190417 0920 1 2393511778 00205
190417 0920 2 2393511778 00205
190417 0921 2 0025842283 00158
190417 0922 3 1166545250 00208
190417 0922 4 1166545250 00208
190417 0922 4 2742354762 00047
190417 0923 1 3690229446 00183
190417 0923 2 3690229446 00183
190417 0923 3 3214505957 00202
190417 0923 4 3214505957 00202
190417 0924 3 3214104853 00901
190417 0924 1 1166545250 00208
190417 0925 2 1166545250 00208
190417 0925 4 3214104853 00901
190417 0925 4 2742354762 00047
190417 0927 1 3145645846 00198
190417 0927 2 3145645846 00198
190417 0927 4 0674051067 00004
190417 0928 2 2744845370 00079
190417 0929 3 4285846892 00200
190417 0929 2 2393511778 00205
190417 0929 4 4285846892 00200
190417 0930 4 3214505957 00202
190417 0931 2 0674051067 00004
190417 0933 2 3214223381 00188
190417 0933 4 4285846892 00200
190417 0933 1 3214017429 00180
190417 0933 1 3466748197 00150
190417 0933 2 3466748197 00150
190417 0934 2 3214017429 00180
190417 0934 4 3214505957 00202
190417 0934 2 0025842283 00158
190417 0935 2 3214104853 00901
190417 0937 2 3690229446 00183
190417 0939 4 0674051067 00004
190417 0940 3 3595204294 00193
190417 0940 4 3595204294 00193
190417 0942 1 4286217980 00905
190417 0942 2 4286217980 00905
190417 0943 1 3391149413 00181
190417 0943 2 3391149413 00181
190417 0946 4 3214505957 00202
190417 0948 1 2742353514 00192
190417 0948 2 2742353514 00192
190417 0948 4 3214104853 00901
190417 0949 2 6237865324 00032
190417 0950 4 5713740026 00175
190417 0950 1 6238034684 00171
190417 0950 2 6238034684 00171
190417 0951 4 3595204294 00193
190417 0953 1 3466658213 00186
190417 0953 2 4286217980 00905
190417 0953 2 3466658213 00186
190417 0957 1 3180300217 00153
190417 0958 2 3180300217 00153
190417 0958 1 2742353514 00192
190417 0959 2 2742353514 00192
190417 1001 4 0024646619 00169
190417 1001 1 3466733797 00190
190417 1001 2 3466733797 00190
190417 1002 4 4285846892 00200
190417 1003 2 3214223381 00188
190417 1003 1 3180300217 00153
190417 1003 2 3180300217 00153
190417 1003 4 3214104853 00901
190417 1004 4 3214104853 00901
190417 1006 2 3214223381 00188
190417 1007 1 1484663634 00166
190417 1007 2 1484663634 00166
190417 1008 1 3214505957 00202
190417 1008 1 3214505957 00202
190417 1009 2 0025842283 00158
190417 1010 1 3180611065 00152
190417 1010 4 3214104853 00901
190417 1010 2 3180611065 00152
190417 1012 4 3214505957 00202
190417 1016 3 4285846892 00200
190417 1019 2 3466748197 00150
190417 1023 1 3214017429 00180
190417 1023 2 3214017429 00180
190417 1024 1 2732830658 00207
190417 1024 2 2732830658 00207
190417 1025 1 3214104853 00901
190417 1025 2 3214223381 00188
190417 1030 2 2394843026 00210
190417 1033 2 4435111614 00164
190417 1034 2 3690229446 00183
190417 1035 2 3466658213 00186
190417 1036 2 6355944412 00000
190417 1042 1 3214223381 00188
190417 1047 1 2744845370 00079
190417 1047 2 2744845370 00079
190417 1051 2 0025842283 00158
190417 1055 2 3214505957 00202
190417 1055 1 2742353514 00192
190417 1056 2 2742353514 00192
190417 1058 3 4285846892 00200
190417 1100 3 0353805386 00904
190417 1102 1 2393511778 00205
190417 1102 2 2393511778 00205
190417 1107 1 2394843026 00210
190417 1107 2 2394843026 00210
190417 1109 1 3213553141 00195
190417 1109 2 3213553141 00195
190417 1116 2 1166545250 00208
190417 1119 2 2393511778 00205
190417 1121 1 2732830658 00207
190417 1121 2 3180611065 00152
190417 1123 1 3214017429 00180
190417 1123 2 3214017429 00180
190417 1130 1 3180300217 00153
190417 1130 2 3180300217 00153
190417 1131 1 0025842283 00158
190417 1131 2 0025842283 00158
190417 1133 1 3214223381 00188
190417 1134 1 4286217980 00905
190417 1135 2 4286217980 00905
190417 1137 1 5713740026 00175
190417 1137 2 5713740026 00175
190417 1138 1 2742353514 00192
190417 1139 2 2742353514 00192
190417 1139 1 1166545250 00208
190417 1139 2 1166545250 00208
190417 1143 1 2393511778 00205
190417 1143 2 2393511778 00205
190417 1147 1 4285846892 00200
190417 1148 2 4285846892 00200
190417 1152 2 3690229446 00183
190417 1154 2 3466658213 00186
190417 1159 2 3145645846 00198
190417 1202 2 3214223381 00188
190417 1208 1 2742353514 00192
190417 1209 2 2742353514 00192
190417 1212 4 0024646619 00169
190417 1214 4 0024646619 00169
190417 1215 1 3690229446 00183
190417 1215 2 3690229446 00183
190417 1216 2 1484663634 00166
190417 1217 2 3180300217 00153
190417 1218 2 4286217980 00905
190417 1219 3 4285846892 00200
190417 1219 4 4285846892 00200
190417 1222 1 2393511778 00205
190417 1222 2 2732830658 00207
190417 1222 1 3466733797 00190
190417 1225 4 3595204294 00193
190417 1225 1 2393511778 00205
190417 1226 2 2732830658 00207
190417 1233 2 2394843026 00210
190417 1236 1 3466748197 00150
190417 1236 2 3466748197 00150
190417 1236 4 2742354762 00047
190417 1236 2 3690229446 00183
190417 1238 4 5714746026 00201
190417 1238 1 2744845370 00079
190417 1239 2 2744845370 00079
190417 1241 1 3690229446 00183
190417 1241 2 3690229446 00183
190417 1244 4 5714746026 00201
190417 1247 1 2732830658 00207
190417 1248 2 2732830658 00207
190417 1248 1 3391149413 00181
190417 1248 2 3391149413 00181
190417 1249 4 0024646619 00169
190417 1249 3 1166545250 00208
190417 1249 1 2394843026 00210
190417 1249 4 1166545250 00208
190417 1249 2 2394843026 00210
190417 1257 1 6237865324 00032
190417 1258 2 2732830658 00207
190417 1259 2 2394843026 00210
190417 1302 2 3213553141 00195
190417 1302 2 6237865324 00032
190417 1304 2 3465808053 00177
190417 1306 2 3690229446 00183
190417 1308 2 3466733797 00190
190417 1309 2 4286217980 00905
190417 1310 2 3391149413 00181
190417 1311 2 3180300217 00153
190417 1311 2 3214223381 00188
190417 1311 4 3595204294 00193
190417 1312 1 2393511778 00205
190417 1313 2 2393511778 00205
190417 1315 1 3391149413 00181
190417 1316 2 3391149413 00181
190417 1318 1 1484663634 00166
190417 1319 2 1484663634 00166
190417 1322 1 3180611065 00152
190417 1322 2 3180611065 00152
190417 1323 1 1484663634 00166
190417 1323 2 1484663634 00166
190417 1326 1 1166545250 00208
190417 1327 1 3214017429 00180
190417 1327 2 3214017429 00180
190417 1327 3 3214505957 00202
190417 1328 4 3214505957 00202
190417 1330 2 3214223381 00188
190417 1334 1 3145645846 00198
190417 1334 2 3145645846 00198
190417 1335 1 3180300217 00153
190417 1335 2 3180300217 00153
190417 1338 1 3214017429 00180
190417 1339 2 3214017429 00180
190417 1339 2 3213553141 00195
190417 1341 2 2394843026 00210
190417 1343 2 2744845370 00079
190417 1344 2 3690229446 00183
190417 1344 3 4285846892 00200
190417 1346 2 1484663634 00166
190417 1354 2 4435111614 00164
190417 1357 1 3214146485 00179
190417 1357 2 3214146485 00179
190417 1410 3 5714746026 00201
190417 1410 3 4285846892 00200
190417 1411 3 4285846892 00200
190417 1411 1 6355944412 00000
190417 1412 2 6355944412 00000
190417 1414 1 1166545250 00208
190417 1414 2 1166545250 00208
190417 1416 2 4286217980 00905
190417 1426 1 3690229446 00183
190417 1427 2 3466748197 00150
190417 1427 2 3690229446 00183
190417 1427 2 3180611065 00152
190417 1443 2 3145645846 00198
190417 1445 1 0025842283 00158
190417 1445 2 0025842283 00158
190417 1448 1 2394843026 00210
190417 1448 2 2394843026 00210
190417 1450 2 3466748197 00150
190417 1452 1 2732830658 00207
190417 1452 2 2732830658 00207
190417 1457 1 3466748197 00150
190417 1458 1 3466658213 00186
190417 1458 2 3466658213 00186
190417 1459 2 3466748197 00150
190417 1501 1 2742353498 00146
190417 1501 1 2742353498 00146
190417 1502 2 2742353498 00146
190417 1505 1 2742353498 00146
190417 1505 2 2742353498 00146
190417 1506 1 3214223381 00188
190417 1507 1 4286217980 00905
190417 1507 2 4286217980 00905
190417 1510 1 0025842283 00158
190417 1510 2 0025842283 00158
190417 1511 1 6237865324 00032
190417 1512 2 6237865324 00032
190417 1521 1 2744845370 00079
190417 1522 2 2744845370 00079
190417 1526 1 3214017429 00180
190417 1526 2 3214017429 00180
190417 1528 1 3690229446 00183
190417 1528 2 3690229446 00183
190417 1529 2 0025842283 00158
190417 1532 1 5713740026 00175
190417 1532 2 5713740026 00175
190417 1534 1 3213553141 00195
190417 1535 2 3213553141 00195
190417 1537 2 3214223381 00188
190417 1543 1 1166545250 00208
190417 1543 2 1166545250 00208
190417 1544 1 6237865324 00032
190417 1544 2 6237865324 00032
190417 1548 3 2393511778 00205
190417 1548 1 2394843026 00210
190417 1549 2 2394843026 00210
190417 1551 1 2393511778 00205
190417 1551 2 2393511778 00205
190417 1552 1 3214223381 00188
190417 1552 2 3214223381 00188
190417 1553 1 1484663634 00166
190417 1553 2 1484663634 00166
190417 1557 1 3466733797 00190
190417 1557 2 3466733797 00190
190417 1558 1 4286217980 00905
190417 1558 2 4286217980 00905
190417 1600 1 6355944412 00000
190417 1600 2 6355944412 00000
190417 1600 2 3214223381 00188
190417 1602 1 3214017429 00180
190417 1602 2 3466658213 00186
190417 1605 1 3214223381 00188
190417 1605 2 3214223381 00188
190417 1608 1 3391149413 00181
190417 1609 2 3391149413 00181
190417 1610 1 0674051067 00004
190417 1610 2 0674051067 00004
190417 1611 2 3214223381 00188
190417 1615 2 2742353498 00146
190417 1616 2 3145645846 00198
190417 1623 2 4435111614 00164
190417 1629 1 2393511778 00205
190417 1629 2 2393511778 00205
190417 1630 1 3214223381 00188
190417 1630 2 3214223381 00188
190417 1632 1 3391149413 00181
190417 1632 2 3180300217 00153
190417 1632 2 3180300217 00153
190417 1640 1 2394843026 00210
190417 1640 2 2394843026 00210
190417 1641 2 1484663634 00166
190417 1646 1 3465808053 00177
190417 1646 2 3465808053 00177
190417 1647 1 6237865324 00032
190417 1647 2 6237865324 00032
190417 1651 1 2744845370 00079
190417 1651 2 2744845370 00079
190417 1652 1 3214017429 00180
190417 1652 2 3214017429 00180
190417 1652 2 2393511778 00205
190417 1655 1 1166545250 00208
190417 1655 2 1166545250 00208
190417 1710 2 3180611065 00152
190417 1714 1 3214223381 00188
190417 1716 2 6238034684 00171
190417 1716 1 3466748197 00150
190417 1716 2 3466748197 00150
190417 1722 2 4435111614 00164
190417 1724 1 3180611065 00152
190417 1724 2 3180611065 00152
190417 1724 2 3180611065 00152
190417 1726 1 3180611065 00152
190417 1726 2 3391149413 00181
190417 1728 1 2393511778 00205
190417 1728 2 2393511778 00205
190417 1730 4 5714746026 00201
190417 1731 1 4435111614 00164
190417 1736 4 5714746026 00201
190417 1738 1 3214017429 00180
190417 1738 2 3214017429 00180
190417 1740 1 3465808053 00177
190417 1741 2 3465808053 00177
190417 1744 4 0024646619 00169
190417 1745 4 3595204294 00193
190417 1745 1 1166545250 00208
190417 1745 2 1166545250 00208
190417 1746 1 3213553141 00195
190417 1746 2 3690229446 00183
190417 1748 1 2394843026 00210
190417 1749 1 6237865324 00032
190417 1750 2 2742353498 00146
190417 1750 2 2394843026 00210
190417 1754 4 0674051067 00004
190417 1754 1 2744845370 00079
190417 1754 2 2744845370 00079
190417 1758 4 0024646619 00169
190417 1800 3 0024646619 00169
190417 1802 1 3214223381 00188
190417 1804 1 4286217980 00905
190417 1804 2 4286217980 00905
190417 1807 1 4286217980 00905
190417 1807 1 3466658213 00186
190417 1808 2 3466658213 00186
190417 1812 2 3466658213 00186
190417 1822 4 3595204294 00193
190417 1825 1 1166545250 00208
190417 1825 2 1166545250 00208
190417 1827 1 6237865324 00032
190417 1827 2 6237865324 00032
190417 1830 1 3213553141 00195
190417 1833 4 0674051067 00004
190417 1833 1 3145645846 00198
190417 1833 2 3145645846 00198
190417 1833 2 1166545250 00208
190417 1834 1 1166545250 00208
190417 1834 1 3466733797 00190
190417 1834 2 3466733797 00190
190417 1835 2 1484663634 00166
190417 1836 2 3214017429 00180
190417 1836 3 5714746026 00201
190417 1836 3 5714746026 00201
190417 1839 2 3466748197 00150
190417 1841 2 3180300217 00153
190417 1844 2 2394843026 00210
190417 1847 4 5713740026 00175
190417 1851 1 0025842283 00158
190417 1853 1 3466733797 00190
190417 1853 2 3466733797 00190
190417 1857 1 2732830658 00207
190417 1859 2 3145645846 00198
190417 1904 2 2393511778 00205
190417 1905 1 3466658213 00186
190417 1905 4 3214505957 00202
190417 1907 1 3690229446 00183
190417 1907 1 3214017429 00180
190417 1907 1 2393511778 00205
190417 1907 1 3466748197 00150
190417 1907 1 3145645846 00198
190417 1907 1 2742353498 00146
190417 1907 1 3466733797 00190
190417 1908 1 3145645846 00198
190417 1908 4 3214505957 00202
190417 1908 2 1484663634 00166
190417 1909 1 3214017429 00180
190417 1912 1 3391149413 00181
190417 1912 3 3214505957 00202
190417 1914 1 3391149413 00181
190417 1922 1 0025842283 00158
190417 1922 2 0025842283 00158
190417 1935 1 6237865324 00032
190417 1935 2 6237865324 00032
190417 1936 1 1484663634 00166
190417 1936 1 6238034684 00171
190417 1950 2 6237865324 00032
190417 1952 4 3214104853 00901
190417 1955 1 3214104853 00901
190417 2015 1 6237865324 00032
