190327 0759 1 6237865324 00032
190327 0759 2 6237865324 00032
190327 0802 2 3214104853 00901
190327 0805 2 6237865324 00032
190327 0808 2 3214104853 00901
190327 0823 3 0024646619 00169
190327 0823 3 0024646619 00169
190327 0825 4 0024646619 00169
190327 0829 1 3145526534 00199
190327 0832 2 3214104853 00901
190327 0834 4 0024646619 00169
190327 0842 3 5714746026 00201
190327 0842 4 5714746026 00201
190327 0849 4 5714746026 00201
190327 0900 2 2394843026 00210
190327 0901 1 3214223381 00188
190327 0905 1 2732830658 00207
190327 0905 2 2732830658 00207
190327 0907 2 3214223381 00188
190327 0913 2 1166545250 00208
190327 0916 1 2393511778 00205
190327 0916 2 2393511778 00205
190327 0916 3 4285846892 00200
190327 0916 4 4285846892 00200
190327 0917 2 1166545250 00208
190327 0917 1 2742353514 00192
190327 0917 2 2742353514 00192
190327 0917 1 3690229446 00183
190327 0918 2 3690229446 00183
190327 0919 4 4285846892 00200
190327 0920 2 3145526534 00199
190327 0927 1 3145645846 00198
190327 0927 2 3145645846 00198
190327 0927 1 3180611065 00152
190327 0927 2 3180611065 00152
190327 0929 4 2742354762 00047
190327 0929 3 3214104853 00901
190327 0929 1 3214017429 00180
190327 0930 4 3214104853 00901
190327 0930 2 3214017429 00180
190327 0930 1 2744845370 00079
190327 0930 2 2744845370 00079
190327 0930 3 3214505957 00202
190327 0931 4 3214505957 00202
190327 0932 4 2742354762 00047
190327 0932 3 3595204294 00193
190327 0933 4 3595204294 00193
190327 0934 4 3214505957 00202
190327 0934 2 2744845370 00079
190327 0934 2 3466748197 00150
190327 0936 4 3214505957 00202
190327 0936 2 3690229446 00183
190327 0936 3 3214104853 00901
190327 0937 4 3214104853 00901
190327 0939 2 3145526534 00199
190327 0941 4 0674051067 00004
190327 0941 2 3145645846 00198
190327 0942 2 3214223381 00188
190327 0944 4 3595204294 00193
190327 0946 2 3466748197 00150
190327 0946 1 6238034684 00171
190327 0946 2 6238034684 00171
190327 0948 2 2394843026 00210
190327 0948 4 4285846892 00200
190327 0948 4 0024646619 00169
190327 0949 4 4285846892 00200
190327 0951 4 3214505957 00202
190327 0951 2 2742353514 00192
190327 0954 2 3214223381 00188
190327 0955 2 0674051067 00004
190327 0955 4 3214104853 00901
190327 0956 2 3214223381 00188
190327 0958 2 6237865324 00032
190327 0959 4 3214104853 00901
190327 1000 2 6238034684 00171
190327 1000 1 3408463525 00184
190327 1000 2 1484663634 00166
190327 1001 1 3690229446 00183
190327 1001 2 3690229446 00183
190327 1006 1 3180300217 00153
190327 1007 2 3180300217 00153
190327 1009 4 0674051067 00004
190327 1013 1 3466658213 00186
190327 1013 2 3466733797 00190
190327 1017 1 3145526534 00199
190327 1017 2 3145526534 00199
190327 1020 1 3214104853 00901
190327 1021 2 3214104853 00901
190327 1021 1 3466748197 00150
190327 1022 2 3466748197 00150
190327 1029 1 2732830658 00207
190327 1029 2 2732830658 00207
190327 1031 1 4286217980 00905
190327 1032 2 4286217980 00905
190327 1032 1 2394843026 00210
190327 1032 2 2394843026 00210
190327 1036 1 3145645846 00198
190327 1037 2 3145645846 00198
190327 1039 1 3180300217 00153
190327 1039 2 3180300217 00153
190327 1040 2 4286217980 00905
190327 1041 2 6237865324 00032
190327 1042 4 3214223381 00188
190327 1043 1 3214223381 00188
190327 1043 2 3214017429 00180
190327 1045 2 3408463525 00184
190327 1050 2 1484663634 00166
190327 1054 4 0674051067 00004
190327 1059 4 3214505957 00202
190327 1106 1 3145645846 00198
190327 1107 2 3145645846 00198
190327 1112 1 3145526534 00199
190327 1112 2 2393511778 00205
190327 1113 2 3145526534 00199
190327 1122 4 4285846892 00200
190327 1125 4 3214505957 00202
190327 1127 1 4285846892 00200
190327 1127 2 4285846892 00200
190327 1134 1 1166545250 00208
190327 1134 2 1166545250 00208
190327 1134 2 2744845370 00079
190327 1137 1 2394843026 00210
190327 1138 2 2394843026 00210
190327 1138 4 3595204294 00193
190327 1141 1 3466658213 00186
190327 1141 2 3466658213 00186
190327 1143 4 0024646619 00169
190327 1145 1 3214017429 00180
190327 1145 2 3214017429 00180
190327 1147 1 6237865324 00032
190327 1147 2 6237865324 00032
190327 1153 1 3690229446 00183
190327 1155 3 4285846892 00200
190327 1155 4 4285846892 00200
190327 1156 1 0674051067 00004
190327 1157 2 0674051067 00004
190327 1201 4 3214505957 00202
190327 1204 2 3180300217 00153
190327 1207 4 3595204294 00193
190327 1208 4 0674051067 00004
190327 1210 4 3595204294 00193
190327 1213 4 0024646619 00169
190327 1214 2 3145526534 00199
190327 1215 2 2742353498 00146
190327 1217 2 2742353514 00192
190327 1220 2 2742353498 00146
190327 1221 2 2742353498 00146
190327 1224 2 2742353514 00192
190327 1229 2 6237865324 00032
190327 1230 4 2742354762 00047
190327 1232 2 3145526534 00199
190327 1233 2 2742353514 00192
190327 1233 4 5714746026 00201
190327 1235 2 6237865324 00032
190327 1236 3 4285846892 00200
190327 1240 2 2742353498 00146
190327 1241 2 1166545250 00208
190327 1251 2 3180300217 00153
190327 1253 2 3180300217 00153
190327 1253 2 2742353514 00192
190327 1257 2 3690229446 00183
190327 1258 2 4286217980 00905
190327 1259 2 0024646619 00169
190327 1301 4 3595204294 00193
190327 1301 2 3214017429 00180
190327 1302 4 0024646619 00169
190327 1302 1 4286217980 00905
190327 1303 2 3145526534 00199
190327 1304 1 2742353498 00146
190327 1304 2 2742353498 00146
190327 1310 4 0674051067 00004
190327 1311 1 3145645846 00198
190327 1311 1 3391149413 00181
190327 1312 2 2393511778 00205
190327 1313 1 2394843026 00210
190327 1316 2 3466658213 00186
190327 1325 1 6237865324 00032
190327 1325 2 6237865324 00032
190327 1326 1 2744845370 00079
190327 1326 2 2744845370 00079
190327 1333 2 2742353498 00146
190327 1333 1 2732830658 00207
190327 1335 2 3690229446 00183
190327 1335 2 2393511778 00205
190327 1336 2 4286217980 00905
190327 1336 1 3391149413 00181
190327 1337 2 3391149413 00181
190327 1337 2 3180300217 00153
190327 1339 1 3180611065 00152
190327 1339 2 3180611065 00152
190327 1339 4 3214505957 00202
190327 1342 1 3145645846 00198
190327 1342 2 3145645846 00198
190327 1343 1 3214017429 00180
190327 1343 2 3214017429 00180
190327 1349 1 3214223381 00188
190327 1352 1 0674051067 00004
190327 1352 2 0674051067 00004
190327 1353 1 3408463525 00184
190327 1354 2 3408463525 00184
190327 1354 2 3214223381 00188
190327 1356 2 2393511778 00205
190327 1404 1 2744845370 00079
190327 1404 2 6237865324 00032
190327 1405 2 0674051067 00004
190327 1405 2 3214223381 00188
190327 1405 1 1484663634 00166
190327 1406 2 3466748197 00150
190327 1407 4 0674051067 00004
190327 1408 4 0024646619 00169
190327 1411 1 1166545250 00208
190327 1411 2 1166545250 00208
190327 1412 4 3214505957 00202
190327 1414 4 3214505957 00202
190327 1414 1 3214104853 00901
190327 1415 2 3214104853 00901
190327 1415 1 3466658213 00186
190327 1415 2 3466658213 00186
190327 1416 1 2394843026 00210
190327 1417 2 2394843026 00210
190327 1422 4 3214505957 00202
190327 1425 4 0674051067 00004
190327 1426 1 3214017429 00180
190327 1426 2 3214017429 00180
190327 1429 4 2742354762 00047
190327 1442 1 3214223381 00188
190327 1443 2 3214223381 00188
190327 1447 1 2732830658 00207
190327 1447 2 2732830658 00207
190327 1447 1 3145526534 00199
190327 1448 2 3145526534 00199
190327 1450 1 3408463525 00184
190327 1451 2 3408463525 00184
190327 1454 1 3690229446 00183
190327 1455 2 3690229446 00183
190327 1458 2 3214223381 00188
190327 1510 2 6237865324 00032
190327 1518 1 3466658213 00186
190327 1523 1 2394843026 00210
190327 1523 2 2394843026 00210
190327 1523 1 2393511778 00205
190327 1524 2 2393511778 00205
190327 1524 1 3145526534 00199
190327 1524 2 3145526534 00199
190327 1531 1 3145645846 00198
190327 1532 2 3145645846 00198
190327 1533 1 1166545250 00208
190327 1533 2 1166545250 00208
190327 1541 2 3391149413 00181
190327 1543 1 3180300217 00153
190327 1543 2 3180300217 00153
190327 1546 4 3595204294 00193
190327 1551 1 3214017429 00180
190327 1552 4 0024646619 00169
190327 1552 2 3214017429 00180
190327 1605 1 2742353498 00146
190327 1605 2 2742353498 00146
190327 1606 4 2742354762 00047
190327 1610 1 0674051067 00004
190327 1611 2 0674051067 00004
190327 1615 2 1484663634 00166
190327 1615 2 3214223381 00188
190327 1616 2 3180611065 00152
190327 1616 2 0024646619 00169
190327 1617 1 6237865324 00032
190327 1617 2 6238034684 00171
190327 1618 1 2744845370 00079
190327 1618 2 2744845370 00079
190327 1618 2 0674051067 00004
190327 1621 1 3145526534 00199
190327 1621 4 0024646619 00169
190327 1621 2 3145526534 00199
190327 1624 2 6237865324 00032
190327 1628 1 2394843026 00210
190327 1628 2 2394843026 00210
190327 1630 2 6237865324 00032
190327 1633 4 2742354762 00047
190327 1633 2 6237865324 00032
190327 1635 1 2742354762 00047
190327 1636 2 0674051067 00004
190327 1637 4 2742354762 00047
190327 1639 2 6237865324 00032
190327 1639 1 3214017429 00180
190327 1639 2 1484663634 00166
190327 1639 1 3466748197 00150
190327 1641 2 3466748197 00150
190327 1641 1 3690229446 00183
190327 1642 2 3690229446 00183
190327 1642 2 0674051067 00004
190327 1643 1 2393511778 00205
190327 1645 2 6237865324 00032
190327 1647 1 3180611065 00152
190327 1648 2 3180611065 00152
190327 1649 4 0674051067 00004
190327 1649 4 3214505957 00202
190327 1652 1 0674051067 00004
190327 1653 2 6237865324 00032
190327 1654 1 4286217980 00905
190327 1654 2 0674051067 00004
190327 1654 2 4286217980 00905
190327 1659 1 1484663634 00166
190327 1700 2 1484663634 00166
190327 1701 1 1166545250 00208
190327 1702 2 1166545250 00208
190327 1704 1 3214017429 00180
190327 1704 2 3214017429 00180
190327 1709 1 3408463525 00184
190327 1709 2 3408463525 00184
190327 1710 1 3214223381 00188
190327 1714 2 3214223381 00188
190327 1720 4 0674051067 00004
190327 1720 1 3145645846 00198
190327 1720 2 3145645846 00198
190327 1723 4 3595204294 00193
190327 1729 1 2742353498 00146
190327 1729 2 2742353498 00146
190327 1730 2 2393511778 00205
190327 1748 1 2732830658 00207
190327 1748 2 2732830658 00207
190327 1751 1 2744845370 00079
190327 1751 2 2744845370 00079
190327 1751 4 0024646619 00169
190327 1754 1 3214223381 00188
190327 1757 4 3214505957 00202
190327 1758 1 2394843026 00210
190327 1758 2 2394843026 00210
190327 1802 3 0024646619 00169
190327 1803 1 3145645846 00198
190327 1803 2 3145645846 00198
190327 1804 1 3214223381 00188
190327 1804 1 2393511778 00205
190327 1805 2 2393511778 00205
190327 1805 1 3214223381 00188
190327 1805 2 3466658213 00186
190327 1806 1 4286217980 00905
190327 1806 2 4286217980 00905
190327 1808 1 3214017429 00180
190327 1808 2 3214017429 00180
190327 1810 2 3466748197 00150
190327 1814 1 3690229446 00183
190327 1814 2 3690229446 00183
190327 1818 1 3145526534 00199
190327 1818 2 3145526534 00199
190327 1819 1 3145526534 00199
190327 1820 2 3145526534 00199
190327 1823 1 3180300217 00153
190327 1823 2 3180300217 00153
190327 1827 3 5714746026 00201
190327 1827 4 5714746026 00201
190327 1827 1 6237865324 00032
190327 1828 2 6237865324 00032
190327 1828 4 5714746026 00201
190327 1832 2 1166545250 00208
190327 1832 1 1166545250 00208
190327 1833 2 2394843026 00210
190327 1833 4 5714746026 00201
190327 1836 1 3145645846 00198
190327 1836 2 3145645846 00198
190327 1839 2 3408463525 00184
190327 1839 2 3466658213 00186
190327 1840 1 3214017429 00180
190327 1841 2 3214017429 00180
190327 1841 1 3408463525 00184
190327 1842 4 3595204294 00193
190327 1844 1 2732830658 00207
190327 1845 1 2393511778 00205
190327 1845 1 3214017429 00180
190327 1846 2 3214017429 00180
190327 1847 2 1484663634 00166
190327 1848 3 5714746026 00201
190327 1850 1 3690229446 00183
190327 1851 1 3145526534 00199
190327 1852 1 2732830658 00207
190327 1900 1 2742353498 00146
190327 1901 1 3466658213 00186
190327 1901 2 3466658213 00186
190327 1903 3 3595204294 00193
190327 1905 2 3145645846 00198
190327 1905 1 3466658213 00186
190327 1907 1 3145645846 00198
190327 1907 1 3214017429 00180
190327 1914 1 6237865324 00032
190327 1914 2 6237865324 00032
190327 1917 4 3214505957 00202
190327 1918 4 0674051067 00004
190327 1918 1 3466748197 00150
190327 1919 2 3466748197 00150
190327 1919 3 3214505957 00202
190327 1920 4 0674051067 00004
190327 1922 1 3466748197 00150
190327 1922 1 3391149413 00181
190327 1923 4 0674051067 00004
190327 1924 4 0674051067 00004
190327 1924 1 2744845370 00079
190327 1925 1 1484663634 00166
190327 1925 1 6238034684 00171
190327 1926 1 2744845370 00079
190327 2006 1 6237865324 00032
190327 2007 2 6237865324 00032
190327 2011 1 6237865324 00032
