190430 0750 3 5714746026 00201
190430 0750 3 5714746026 00201
190430 0804 1 6237865324 00032
190430 0805 2 6237865324 00032
190430 0811 1 6237865324 00032
190430 0811 2 6237865324 00032
190430 0820 1 5714746026 00201
190430 0824 3 0024646619 00169
190430 0826 4 0024646619 00169
190430 0827 4 0674051067 00004
190430 0827 4 5714746026 00201
190430 0827 1 3214223381 00188
190430 0834 1 3214223381 00188
190430 0835 2 3214223381 00188
190430 0838 1 3214223381 00188
190430 0839 1 3465808053 00177
190430 0839 4 5714746026 00201
190430 0839 2 3465808053 00177
190430 0840 1 0024646619 00169
190430 0840 2 0024646619 00169
190430 0841 1 2744845370 00079
190430 0841 2 2744845370 00079
190430 0845 2 3465808053 00177
190430 0845 2 2744845370 00079
190430 0847 2 2394843026 00210
190430 0848 4 0024646619 00169
190430 0852 1 2742353498 00146
190430 0852 2 2742353498 00146
190430 0856 4 0674051067 00004
190430 0856 2 2744845370 00079
190430 0857 2 2394843026 00210
190430 0902 1 3213553141 00195
190430 0902 2 3213553141 00195
190430 0903 3 3595204294 00193
190430 0903 4 3595204294 00193
190430 0905 2 3213553141 00195
190430 0905 1 3690229446 00183
190430 0905 2 3690229446 00183
190430 0907 1 2742353514 00192
190430 0908 2 2742353514 00192
190430 0913 1 2393511778 00205
190430 0913 1 2732830658 00207
190430 0913 2 2393511778 00205
190430 0913 2 2732830658 00207
190430 0916 2 3466733797 00190
190430 0918 1 3214017429 00180
190430 0918 2 3214017429 00180
190430 0919 2 3690229446 00183
190430 0922 4 3595204294 00193
190430 0922 2 2742353498 00146
190430 0922 2 0025842283 00158
190430 0923 1 1166545250 00208
190430 0923 2 1166545250 00208
190430 0924 1 4435111614 00164
190430 0924 2 4435111614 00164
190430 0924 2 3214017429 00180
190430 0925 2 2732830658 00207
190430 0927 2 3214223381 00188
190430 0928 1 3145645846 00198
190430 0928 2 3145645846 00198
190430 0930 1 3180611065 00152
190430 0930 2 3180611065 00152
190430 0930 3 3214505957 00202
190430 0931 4 3214505957 00202
190430 0932 1 3466748197 00150
190430 0932 2 3466748197 00150
190430 0934 1 3391149413 00181
190430 0934 4 3214505957 00202
190430 0934 2 3391149413 00181
190430 0940 4 2742354762 00047
190430 0940 1 6238034684 00171
190430 0941 2 6238034684 00171
190430 0941 2 3145645846 00198
190430 0942 2 2742353514 00192
190430 0943 2 2744845370 00079
190430 0943 4 2742354762 00047
190430 0945 2 0025842283 00158
190430 0958 2 1484663634 00166
190430 1000 2 4435111614 00164
190430 1000 2 6237865324 00032
190430 1007 1 3180300217 00153
190430 1008 2 3180300217 00153
190430 1015 1 4286217980 00905
190430 1015 2 4286217980 00905
190430 1018 2 3214223381 00188
190430 1019 1 1484663634 00166
190430 1019 2 1484663634 00166
190430 1020 1 4286217980 00905
190430 1020 2 4286217980 00905
190430 1021 1 2394843026 00210
190430 1022 2 2394843026 00210
190430 1022 1 4286217980 00905
190430 1022 2 4286217980 00905
190430 1023 2 4286217980 00905
190430 1023 1 3465808053 00177
190430 1024 2 3465808053 00177
190430 1026 4 0024646619 00169
190430 1032 1 2742353498 00146
190430 1033 2 2742353498 00146
190430 1035 2 3214223381 00188
190430 1037 2 0025842283 00158
190430 1039 1 2742353514 00192
190430 1039 2 2742353514 00192
190430 1040 1 3214017429 00180
190430 1040 2 3214017429 00180
190430 1042 2 3466733797 00190
190430 1042 2 3214104853 00901
190430 1042 1 2393511778 00205
190430 1043 2 2393511778 00205
190430 1052 1 3145645846 00198
190430 1052 2 3145645846 00198
190430 1056 1 3214223381 00188
190430 1059 1 0674051067 00004
190430 1059 2 0674051067 00004
190430 1102 1 3214104853 00901
190430 1104 2 6355944412 00000
190430 1105 4 0674051067 00004
190430 1105 2 3214104853 00901
190430 1106 2 6237865324 00032
190430 1108 2 3214223381 00188
190430 1114 2 3214104853 00901
190430 1118 2 3466748197 00150
190430 1118 4 3214505957 00202
190430 1119 4 3595204294 00193
190430 1119 2 3145645846 00198
190430 1119 2 4286217980 00905
190430 1126 4 2742354762 00047
190430 1126 4 3145645846 00198
190430 1128 2 3690229446 00183
190430 1130 2 2744845370 00079
190430 1132 2 3145645846 00198
190430 1132 1 2742353514 00192
190430 1132 2 2742353514 00192
190430 1133 1 2393511778 00205
190430 1133 2 2393511778 00205
190430 1136 1 1166545250 00208
190430 1136 2 1166545250 00208
190430 1136 1 3214104853 00901
190430 1141 1 3214017429 00180
190430 1141 2 3214017429 00180
190430 1157 1 3213553141 00195
190430 1158 2 0024646619 00169
190430 1158 1 6237865324 00032
190430 1159 2 6237865324 00032
190430 1204 4 0024646619 00169
190430 1205 2 1484663634 00166
190430 1209 4 0674051067 00004
190430 1215 2 2394843026 00210
190430 1216 2 3180300217 00153
190430 1217 2 3465808053 00177
190430 1220 2 3180300217 00153
190430 1221 2 3391149413 00181
190430 1221 2 2742353514 00192
190430 1223 4 3595204294 00193
190430 1224 2 4286217980 00905
190430 1227 2 3180611065 00152
190430 1228 2 1166545250 00208
190430 1229 4 0024646619 00169
190430 1231 2 4435111614 00164
190430 1231 2 3466733797 00190
190430 1232 2 2393511778 00205
190430 1233 2 2394843026 00210
190430 1236 2 2742353514 00192
190430 1236 2 2393511778 00205
190430 1239 2 2742353514 00192
190430 1241 4 5714746026 00201
190430 1245 2 2742353498 00146
190430 1246 4 5714746026 00201
190430 1247 3 1166545250 00208
190430 1248 4 1166545250 00208
190430 1248 4 0024646619 00169
190430 1248 2 3690229446 00183
190430 1250 4 2742354762 00047
190430 1251 2 3213553141 00195
190430 1254 1 2742353514 00192
190430 1254 2 2742353514 00192
190430 1257 2 0025842283 00158
190430 1300 4 3595204294 00193
190430 1301 2 6237865324 00032
190430 1302 2 3466748197 00150
190430 1304 2 2732830658 00207
190430 1304 2 3180300217 00153
190430 1305 2 3466733797 00190
190430 1306 2 3391149413 00181
190430 1307 2 2393511778 00205
190430 1307 2 6237865324 00032
190430 1308 1 3466658213 00186
190430 1308 2 3466658213 00186
190430 1308 2 3145645846 00198
190430 1309 2 4435111614 00164
190430 1310 4 3595204294 00193
190430 1311 4 0024646619 00169
190430 1314 2 3214017429 00180
190430 1318 2 0025842283 00158
190430 1327 2 3465808053 00177
190430 1330 2 3214223381 00188
190430 1331 2 2742353514 00192
190430 1331 2 3466748197 00150
190430 1333 2 2394843026 00210
190430 1335 2 2732830658 00207
190430 1336 2 1166545250 00208
190430 1336 2 5714746026 00201
190430 1336 2 3690229446 00183
190430 1339 3 3214104853 00901
190430 1340 1 4435111614 00164
190430 1340 2 4435111614 00164
190430 1341 4 3214104853 00901
190430 1341 1 3213553141 00195
190430 1342 2 3213553141 00195
190430 1344 4 3214505957 00202
190430 1345 4 3214505957 00202
190430 1345 4 3214104853 00901
190430 1348 4 3214505957 00202
190430 1348 1 6238034684 00171
190430 1348 2 1484663634 00166
190430 1349 4 3214505957 00202
190430 1352 4 0024646619 00169
190430 1354 4 3214505957 00202
190430 1357 4 3214104853 00901
190430 1402 4 3214104853 00901
190430 1406 1 2394843026 00210
190430 1406 2 2394843026 00210
190430 1408 1 3466658213 00186
190430 1408 2 3466658213 00186
190430 1416 1 3145645846 00198
190430 1417 2 3145645846 00198
190430 1418 1 2742353514 00192
190430 1418 4 3214505957 00202
190430 1420 1 0025842283 00158
190430 1420 2 2742353514 00192
190430 1422 1 3214017429 00180
190430 1422 2 3214017429 00180
190430 1426 2 0674051067 00004
190430 1431 4 0674051067 00004
190430 1435 2 6237865324 00032
190430 1436 2 4435111614 00164
190430 1438 2 2393511778 00205
190430 1440 2 2393511778 00205
190430 1440 1 3466748197 00150
190430 1440 2 3466748197 00150
190430 1441 1 3214223381 00188
190430 1442 2 2393511778 00205
190430 1445 4 5714746026 00201
190430 1446 4 2742354762 00047
190430 1459 1 2394843026 00210
190430 1459 2 2394843026 00210
190430 1508 1 2744845370 00079
190430 1508 2 2744845370 00079
190430 1513 1 3214223381 00188
190430 1514 2 3214223381 00188
190430 1516 4 0024646619 00169
190430 1518 1 6238034684 00171
190430 1518 2 6238034684 00171
190430 1520 1 2742353514 00192
190430 1520 2 2742353514 00192
190430 1528 1 2393511778 00205
190430 1529 2 2393511778 00205
190430 1530 1 1484663634 00166
190430 1530 2 1484663634 00166
190430 1532 1 3690229446 00183
190430 1532 2 3690229446 00183
190430 1533 4 3214505957 00202
190430 1538 2 3465808053 00177
190430 1538 1 4286217980 00905
190430 1539 2 4286217980 00905
190430 1539 2 3180611065 00152
190430 1540 2 0025842283 00158
190430 1540 1 3214017429 00180
190430 1541 2 3214017429 00180
190430 1547 1 3213553141 00195
190430 1548 2 3213553141 00195
190430 1549 2 1484663634 00166
190430 1552 1 2394843026 00210
190430 1552 2 2394843026 00210
190430 1555 1 2742353498 00146
190430 1555 2 2742353498 00146
190430 1558 1 2732830658 00207
190430 1558 2 2732830658 00207
190430 1558 1 3180611065 00152
190430 1559 2 3180611065 00152
190430 1604 1 3466658213 00186
190430 1605 2 3466658213 00186
190430 1608 1 2744845370 00079
190430 1608 2 2744845370 00079
190430 1610 4 3214505957 00202
190430 1612 1 3214223381 00188
190430 1613 2 3145645846 00198
190430 1614 2 3180300217 00153
190430 1614 4 2742354762 00047
190430 1624 4 0024646619 00169
190430 1625 3 3213553141 00195
190430 1626 4 3213553141 00195
190430 1626 1 1166545250 00208
190430 1627 2 1166545250 00208
190430 1628 4 0024646619 00169
190430 1629 4 0024646619 00169
190430 1629 1 2393511778 00205
190430 1630 2 2393511778 00205
190430 1631 4 3595204294 00193
190430 1633 3 3595204294 00193
190430 1633 4 3214505957 00202
190430 1636 1 2394843026 00210
190430 1636 2 2394843026 00210
190430 1639 1 3213553141 00195
190430 1639 2 3213553141 00195
190430 1646 1 3214017429 00180
190430 1646 2 3214017429 00180
190430 1650 4 0674051067 00004
190430 1651 1 0025842283 00158
190430 1651 2 0025842283 00158
190430 1651 1 6237865324 00032
190430 1652 2 6237865324 00032
190430 1656 3 3213553141 00195
190430 1656 4 3213553141 00195
190430 1658 4 4286217980 00905
190430 1659 1 3466748197 00150
190430 1659 2 3466748197 00150
190430 1701 2 4286217980 00905
190430 1702 1 3213553141 00195
190430 1702 2 3213553141 00195
190430 1706 1 4286217980 00905
190430 1706 2 4286217980 00905
190430 1712 1 1484663634 00166
190430 1712 2 1484663634 00166
190430 1712 1 2742353514 00192
190430 1713 2 2742353514 00192
190430 1713 1 2742353498 00146
190430 1714 2 2742353498 00146
190430 1719 1 3466658213 00186
190430 1720 2 3466658213 00186
190430 1721 1 2393511778 00205
190430 1721 2 2393511778 00205
190430 1723 1 3465808053 00177
190430 1724 2 3465808053 00177
190430 1731 2 3180611065 00152
190430 1735 4 0024646619 00169
190430 1737 1 3690229446 00183
190430 1738 2 3690229446 00183
190430 1741 4 5714746026 00201
190430 1741 1 2742353498 00146
190430 1741 2 3391149413 00181
190430 1742 1 2744845370 00079
190430 1743 2 2744845370 00079
190430 1743 1 2394843026 00210
190430 1743 2 2394843026 00210
190430 1745 1 6237865324 00032
190430 1746 4 5714746026 00201
190430 1750 1 2393511778 00205
190430 1750 2 2732830658 00207
190430 1755 4 0024646619 00169
190430 1756 3 3213553141 00195
190430 1757 4 3213553141 00195
190430 1758 1 3214223381 00188
190430 1759 1 3690229446 00183
190430 1759 2 3145645846 00198
190430 1800 1 3214223381 00188
190430 1800 1 3180300217 00153
190430 1801 2 3180300217 00153
190430 1804 1 4286217980 00905
190430 1804 2 4286217980 00905
190430 1804 1 3180300217 00153
190430 1806 2 3213553141 00195
190430 1807 4 3214505957 00202
190430 1807 1 2742353514 00192
190430 1807 2 2742353514 00192
190430 1808 4 0024646619 00169
190430 1808 3 0024646619 00169
190430 1808 3 5714746026 00201
190430 1808 3 5714746026 00201
190430 1809 1 4286217980 00905
190430 1809 2 4286217980 00905
190430 1812 2 4286217980 00905
190430 1813 1 2744845370 00079
190430 1818 1 2742353514 00192
190430 1829 1 1484663634 00166
190430 1829 2 1484663634 00166
190430 1829 1 2394843026 00210
190430 1829 2 3466733797 00190
190430 1832 1 3213553141 00195
190430 1836 2 2742353498 00146
190430 1840 2 3145645846 00198
190430 1842 4 3214505957 00202
190430 1847 1 3465808053 00177
190430 1848 2 0674051067 00004
190430 1848 1 1166545250 00208
190430 1849 2 3214017429 00180
190430 1852 1 3180611065 00152
190430 1852 1 1484663634 00166
190430 1855 2 4435111614 00164
190430 1856 1 3690229446 00183
190430 1856 1 2732830658 00207
190430 1901 2 3214017429 00180
190430 1902 1 4435111614 00164
190430 1904 1 3145645846 00198
190430 1904 1 2393511778 00205
190430 1904 1 3214017429 00180
190430 1904 1 3466658213 00186
190430 1905 1 3466748197 00150
190430 1905 2 3466748197 00150
190430 1905 4 0674051067 00004
190430 1905 1 0025842283 00158
190430 1906 2 0025842283 00158
190430 1915 1 3391149413 00181
190430 1915 1 3466748197 00150
190430 1923 1 6238034684 00171
190430 1923 2 6238034684 00171
190430 1924 4 3214505957 00202
190430 1925 4 3214505957 00202
190430 1926 1 6238034684 00171
190430 2007 1 0025842283 00158
190430 2008 2 0025842283 00158
190430 2012 1 0025842283 00158
