190415 0536 1 6355944412 00000
190415 0536 2 6355944412 00000
190415 0808 1 6237865324 00032
190415 0809 2 6237865324 00032
190415 0815 1 6237865324 00032
190415 0815 2 6237865324 00032
190415 0832 3 0024646619 00169
190415 0833 3 0024646619 00169
190415 0834 1 3465808053 00177
190415 0834 2 3465808053 00177
190415 0835 4 0024646619 00169
190415 0837 1 3465808053 00177
190415 0837 2 3465808053 00177
190415 0839 3 5714746026 00201
190415 0839 4 5714746026 00201
190415 0852 4 5714746026 00201
190415 0855 4 5714746026 00201
190415 0856 1 3213553141 00195
190415 0856 2 3213553141 00195
190415 0857 1 2394843026 00210
190415 0857 2 2394843026 00210
190415 0901 2 3213553141 00195
190415 0902 2 2732830658 00207
190415 0903 2 2732830658 00207
190415 0913 1 3214223381 00188
190415 0913 1 2393511778 00205
190415 0914 2 2393511778 00205
190415 0914 2 3214223381 00188
190415 0916 2 6237865324 00032
190415 0916 2 2393511778 00205
190415 0917 1 1166545250 00208
190415 0917 2 1166545250 00208
190415 0919 1 3466748197 00150
190415 0919 2 3466748197 00150
190415 0921 1 4435111614 00164
190415 0922 2 4435111614 00164
190415 0922 1 2742353514 00192
190415 0922 2 2742353514 00192
190415 0927 3 3214505957 00202
190415 0927 4 3214505957 00202
190415 0927 1 2744845370 00079
190415 0928 2 2744845370 00079
190415 0932 2 2744845370 00079
190415 0932 2 2732830658 00207
190415 0934 1 3214017429 00180
190415 0934 4 3214505957 00202
190415 0934 2 3214017429 00180
190415 0936 1 6238034684 00171
190415 0936 2 6238034684 00171
190415 0937 4 1166545250 00208
190415 0938 2 3180611065 00152
190415 0942 4 0674051067 00004
190415 0943 2 3180611065 00152
190415 0943 1 1166545250 00208
190415 0943 2 1166545250 00208
190415 0943 4 2742354762 00047
190415 0944 1 2742353498 00146
190415 0944 2 2742353498 00146
190415 0945 1 1484663634 00166
190415 0945 2 1484663634 00166
190415 0945 1 0674051067 00004
190415 0946 2 0674051067 00004
190415 0946 4 2742354762 00047
190415 0947 1 2742353514 00192
190415 0947 2 2742353514 00192
190415 0952 1 3214017429 00180
190415 0952 2 3214017429 00180
190415 0954 1 0674051067 00004
190415 0954 2 0674051067 00004
190415 0957 1 3391149413 00181
190415 0957 2 3391149413 00181
190415 0958 1 3180300217 00153
190415 0959 2 3180300217 00153
190415 1002 1 3180611065 00152
190415 1003 2 3180611065 00152
190415 1004 1 2732830658 00207
190415 1004 2 2732830658 00207
190415 1005 4 0674051067 00004
190415 1008 1 4286217980 00905
190415 1008 2 4286217980 00905
190415 1010 1 3466733797 00190
190415 1011 1 2742353498 00146
190415 1011 2 2742353498 00146
190415 1014 1 3466658213 00186
190415 1014 2 3466658213 00186
190415 1014 1 4286217980 00905
190415 1015 2 4286217980 00905
190415 1018 2 4435111614 00164
190415 1019 1 2394843026 00210
190415 1019 2 2394843026 00210
190415 1024 4 0024646619 00169
190415 1026 1 3214223381 00188
190415 1027 2 3214223381 00188
190415 1029 1 3214017429 00180
190415 1030 1 3214505957 00202
190415 1029 2 3214017429 00180
190415 1031 2 3214505957 00202
190415 1035 4 3214505957 00202
190415 1036 1 3214505957 00202
190415 1037 2 3465808053 00177
190415 1039 4 3214505957 00202
190415 1040 4 3214505957 00202
190415 1044 1 3690229446 00183
190415 1044 2 3690229446 00183
190415 1048 2 3690229446 00183
190415 1050 2 3214223381 00188
190415 1053 1 0674051067 00004
190415 1053 2 0674051067 00004
190415 1054 2 4435111614 00164
190415 1059 2 3214223381 00188
190415 1059 4 0674051067 00004
190415 1102 2 4286217980 00905
190415 1103 2 3214017429 00180
190415 1107 1 6237865324 00032
190415 1107 2 6237865324 00032
190415 1109 1 3214223381 00188
190415 1118 1 1484663634 00166
190415 1118 4 2742354762 00047
190415 1118 2 1484663634 00166
190415 1119 1 1166545250 00208
190415 1119 2 1166545250 00208
190415 1119 4 0674051067 00004
190415 1120 1 3213553141 00195
190415 1120 2 3213553141 00195
190415 1127 1 2742353514 00192
190415 1127 2 2742353514 00192
190415 1135 1 2742353514 00192
190415 1136 2 2742353514 00192
190415 1140 1 3466658213 00186
190415 1140 2 3466658213 00186
190415 1142 1 2394843026 00210
190415 1143 2 2394843026 00210
190415 1149 4 0024646619 00169
190415 1154 1 2744845370 00079
190415 1155 2 2744845370 00079
190415 1156 4 3214505957 00202
190415 1156 1 1484663634 00166
190415 1156 2 1484663634 00166
190415 1157 1 3214223381 00188
190415 1157 4 3214505957 00202
190415 1158 4 5714746026 00201
190415 1201 2 5714746026 00201
190415 1204 2 2732830658 00207
190415 1206 2 2742353498 00146
190415 1207 2 3690229446 00183
190415 1207 2 2742353514 00192
190415 1208 1 2744845370 00079
190415 1208 1 2742353514 00192
190415 1212 4 5714746026 00201
190415 1213 2 3180300217 00153
190415 1216 2 3391149413 00181
190415 1217 3 1166545250 00208
190415 1217 4 1166545250 00208
190415 1218 4 0024646619 00169
190415 1221 2 3180611065 00152
190415 1225 2 2742353498 00146
190415 1227 2 6237865324 00032
190415 1227 4 2742354762 00047
190415 1228 4 3214505957 00202
190415 1230 2 3690229446 00183
190415 1233 2 6237865324 00032
190415 1234 2 6237865324 00032
190415 1236 2 2732830658 00207
190415 1238 4 0674051067 00004
190415 1238 2 3690229446 00183
190415 1249 2 3180611065 00152
190415 1250 2 2742353498 00146
190415 1250 2 2732830658 00207
190415 1252 2 2393511778 00205
190415 1257 2 3213553141 00195
190415 1258 2 3465808053 00177
190415 1300 2 3213553141 00195
190415 1301 2 2393511778 00205
190415 1303 4 5714746026 00201
190415 1304 2 3466748197 00150
190415 1304 2 3690229446 00183
190415 1309 2 2394843026 00210
190415 1310 4 5714746026 00201
190415 1310 4 0024646619 00169
190415 1310 4 0674051067 00004
190415 1310 2 4435111614 00164
190415 1314 4 5713740026 00175
190415 1316 1 3466658213 00186
190415 1316 2 3466658213 00186
190415 1317 1 3180611065 00152
190415 1317 2 3180611065 00152
190415 1318 1 3391149413 00181
190415 1318 2 3391149413 00181
190415 1323 2 3214017429 00180
190415 1324 2 3466733797 00190
190415 1324 2 2742353498 00146
190415 1325 1 3465808053 00177
190415 1325 2 3465808053 00177
190415 1329 1 3180300217 00153
190415 1330 2 3180300217 00153
190415 1331 2 3214223381 00188
190415 1331 1 3145645846 00198
190415 1332 2 1166545250 00208
190415 1332 2 1484663634 00166
190415 1334 2 3214017429 00180
190415 1334 2 3213553141 00195
190415 1335 2 4286217980 00905
190415 1336 1 6238034684 00171
190415 1336 2 6238034684 00171
190415 1337 4 0024646619 00169
190415 1340 1 4435111614 00164
190415 1340 2 4435111614 00164
190415 1342 4 5713740026 00175
190415 1353 2 3145645846 00198
190415 1356 2 3214223381 00188
190415 1358 1 3213553141 00195
190415 1358 2 3213553141 00195
190415 1403 2 3145645846 00198
190415 1406 2 3214223381 00188
190415 1407 1 0674051067 00004
190415 1407 2 0674051067 00004
190415 1411 4 3214505957 00202
190415 1413 2 3214223381 00188
190415 1416 1 2393511778 00205
190415 1416 2 2393511778 00205
190415 1421 1 2732830658 00207
190415 1421 2 2732830658 00207
190415 1428 1 2394843026 00210
190415 1428 2 2394843026 00210
190415 1429 4 2742354762 00047
190415 1434 2 2393511778 00205
190415 1435 2 4435111614 00164
190415 1446 4 0024646619 00169
190415 1453 1 3145645846 00198
190415 1453 2 2393511778 00205
190415 1454 4 3214505957 00202
190415 1454 1 3466658213 00186
190415 1455 2 3466658213 00186
190415 1458 1 3214223381 00188
190415 1458 2 3214223381 00188
190415 1458 1 3690229446 00183
190415 1458 2 3690229446 00183
190415 1500 1 0674051067 00004
190415 1500 2 0674051067 00004
190415 1503 1 0024646619 00169
190415 1503 2 0024646619 00169
190415 1504 4 0674051067 00004
190415 1504 1 3466733797 00190
190415 1504 2 3466733797 00190
190415 1511 2 3214017429 00180
190415 1512 2 3213553141 00195
190415 1512 2 3145645846 00198
190415 1513 4 0024646619 00169
190415 1515 2 2742353498 00146
190415 1516 4 3214505957 00202
190415 1522 2 3180611065 00152
190415 1523 2 3465808053 00177
190415 1543 2 1166545250 00208
190415 1544 2 2393511778 00205
190415 1545 2 3214223381 00188
190415 1547 2 1484663634 00166
190415 1547 2 2393511778 00205
190415 1549 2 2732830658 00207
190415 1552 4 5713740026 00175
190415 1555 4 2393511778 00205
190415 1557 2 2393511778 00205
190415 1557 2 3466658213 00186
190415 1601 2 0674051067 00004
190415 1603 1 4286217980 00905
190415 1603 4 2742354762 00047
190415 1603 2 4286217980 00905
190415 1610 2 3214223381 00188
190415 1612 1 2732830658 00207
190415 1612 2 3690229446 00183
190415 1616 2 3214223381 00188
190415 1618 4 0674051067 00004
190415 1622 2 3214223381 00188
190415 1623 2 3214017429 00180
190415 1625 2 2394843026 00210
190415 1626 2 4435111614 00164
190415 1627 4 3214505957 00202
190415 1635 1 2393511778 00205
190415 1636 4 0024646619 00169
190415 1640 2 3180300217 00153
190415 1644 1 6237865324 00032
190415 1644 2 6237865324 00032
190415 1645 1 2742353498 00146
190415 1645 2 3214017429 00180
190415 1645 1 3180300217 00153
190415 1645 2 3180300217 00153
190415 1648 1 2394843026 00210
190415 1648 2 2394843026 00210
190415 1649 1 3213553141 00195
190415 1649 2 3213553141 00195
190415 1653 1 1166545250 00208
190415 1653 2 1166545250 00208
190415 1658 1 2732830658 00207
190415 1658 2 2732830658 00207
190415 1702 1 3466658213 00186
190415 1702 2 3145645846 00198
190415 1711 1 2393511778 00205
190415 1711 2 2393511778 00205
190415 1712 4 3214505957 00202
190415 1727 2 4435111614 00164
190415 1733 1 3145645846 00198
190415 1733 2 3145645846 00198
190415 1734 1 3465808053 00177
190415 1734 2 3465808053 00177
190415 1736 4 5713740026 00175
190415 1737 1 3690229446 00183
190415 1738 2 3690229446 00183
190415 1738 4 0674051067 00004
190415 1743 1 3214017429 00180
190415 1743 2 3214017429 00180
190415 1752 1 3466658213 00186
190415 1752 2 3466658213 00186
190415 1753 1 6238034684 00171
190415 1753 2 6238034684 00171
190415 1801 4 0024646619 00169
190415 1801 4 5714746026 00201
190415 1801 1 3214223381 00188
190415 1804 3 0024646619 00169
190415 1806 1 6237865324 00032
190415 1806 2 6237865324 00032
190415 1807 1 3213553141 00195
190415 1807 2 3213553141 00195
190415 1809 3 5714746026 00201
190415 1809 3 5714746026 00201
190415 1813 2 3145645846 00198
190415 1815 1 2393511778 00205
190415 1815 2 2393511778 00205
190415 1818 1 3180611065 00152
190415 1818 2 2394843026 00210
190415 1826 1 3213553141 00195
190415 1827 2 1166545250 00208
190415 1829 2 3180300217 00153
190415 1829 4 3214505957 00202
190415 1830 1 1484663634 00166
190415 1830 2 1484663634 00166
190415 1831 1 4435111614 00164
190415 1831 2 4435111614 00164
190415 1833 1 3180300217 00153
190415 1834 1 6237865324 00032
190415 1834 2 6237865324 00032
190415 1834 2 2394843026 00210
190415 1835 2 1166545250 00208
190415 1835 1 1166545250 00208
190415 1841 1 3465808053 00177
190415 1842 1 2732830658 00207
190415 1842 2 2732830658 00207
190415 1842 1 4435111614 00164
190415 1842 2 3180611065 00152
190415 1844 1 3180611065 00152
190415 1845 2 4286217980 00905
190415 1852 1 3466733797 00190
190415 1852 2 3466733797 00190
190415 1853 1 2393511778 00205
190415 1855 1 4286217980 00905
190415 1855 2 4286217980 00905
190415 1857 1 3214017429 00180
190415 1857 2 3214017429 00180
190415 1858 1 1484663634 00166
190415 1858 1 6238034684 00171
190415 1858 1 2732830658 00207
190415 1859 1 3690229446 00183
190415 1905 4 3214505957 00202
190415 1907 4 3214505957 00202
190415 1907 1 3214017429 00180
190415 1907 1 2742353498 00146
190415 1907 1 3466658213 00186
190415 1907 1 3145645846 00198
190415 1907 1 3466748197 00150
190415 1907 1 3391149413 00181
190415 1911 4 3214505957 00202
190415 1924 1 6237865324 00032
190415 1924 2 6237865324 00032
190415 1930 1 6237865324 00032
190415 1930 2 6237865324 00032
190415 1935 4 0674051067 00004
190415 2017 1 6237865324 00032
