190318 0801 1 6237865324 00032
190318 0801 2 6237865324 00032
190318 0809 1 6237865324 00032
190318 0809 2 6237865324 00032
190318 0821 2 6237865324 00032
190318 0823 3 0024646619 00169
190318 0824 3 0024646619 00169
190318 0825 4 0024646619 00169
190318 0829 1 0024646619 00169
190318 0829 2 0024646619 00169
190318 0839 1 5714746026 00201
190318 0839 1 5714746026 00201
190318 0840 4 0024646619 00169
190318 0840 2 5714746026 00201
190318 0844 3 5714746026 00201
190318 0844 3 5714746026 00201
190318 0844 1 3145526534 00199
190318 0844 4 5714746026 00201
190318 0844 2 3145526534 00199
190318 0854 1 0024646619 00169
190318 0854 2 0024646619 00169
190318 0856 1 3465808053 00177
190318 0856 2 3465808053 00177
190318 0858 4 5714746026 00201
190318 0900 1 3690229446 00183
190318 0900 2 3690229446 00183
190318 0903 4 0024646619 00169
190318 0904 1 3690229446 00183
190318 0904 2 3690229446 00183
190318 0906 1 2393511778 00205
190318 0906 2 2393511778 00205
190318 0906 1 3690229446 00183
190318 0907 2 3690229446 00183
190318 0908 2 2393511778 00205
190318 0908 4 0024646619 00169
190318 0908 2 3145526534 00199
190318 0909 2 3145526534 00199
190318 0909 1 3214223381 00188
190318 0910 1 2393511778 00205
190318 0910 2 2393511778 00205
190318 0910 1 2742353498 00146
190318 0911 2 2742353498 00146
190318 0911 1 3213553141 00195
190318 0911 2 3213553141 00195
190318 0916 2 3213553141 00195
190318 0917 1 4435111614 00164
190318 0917 1 0025842283 00158
190318 0917 2 0025842283 00158
190318 0918 3 3690229446 00183
190318 0918 4 3690229446 00183
190318 0919 4 5714746026 00201
190318 0919 3 4285846892 00200
190318 0920 4 4285846892 00200
190318 0920 2 2742353498 00146
190318 0921 2 3690229446 00183
190318 0921 2 3214223381 00188
190318 0921 4 4285846892 00200
190318 0923 3 3595204294 00193
190318 0923 4 3595204294 00193
190318 0924 4 0024646619 00169
190318 0924 2 2393511778 00205
190318 0924 2 4435111614 00164
190318 0925 2 2742353514 00192
190318 0928 1 3466748197 00150
190318 0928 2 3466748197 00150
190318 0929 1 3145645846 00198
190318 0930 4 6237865324 00032
190318 0931 3 3214505957 00202
190318 0931 4 3214505957 00202
190318 0931 2 3145645846 00198
190318 0931 1 3214017429 00180
190318 0931 2 3214017429 00180
190318 0933 2 0025842283 00158
190318 0934 2 2742353514 00192
190318 0934 4 3595204294 00193
190318 0934 4 3214505957 00202
190318 0935 2 3690229446 00183
190318 0935 2 3214223381 00188
190318 0936 2 6237865324 00032
190318 0938 1 3466748197 00150
190318 0938 2 3466748197 00150
190318 0938 1 3595839158 00905
190318 0939 2 3595839158 00905
190318 0939 4 4285846892 00200
190318 0940 1 3465808053 00177
190318 0941 2 3214223381 00188
190318 0944 1 2744845370 00079
190318 0944 2 2744845370 00079
190318 0945 4 0674051067 00004
190318 0945 1 4285846892 00200
190318 0946 1 3466733797 00190
190318 0946 2 3466733797 00190
190318 0948 1 3145526534 00199
190318 0948 2 3145526534 00199
190318 0949 1 6238034684 00171
190318 0949 2 2744845370 00079
190318 0952 1 3391149413 00181
190318 0952 1 3595839158 00905
190318 0952 2 3145645846 00198
190318 0952 2 3595839158 00905
190318 0954 4 2742354762 00047
190318 0954 1 3180300217 00153
190318 0954 2 3180300217 00153
190318 0956 1 3214017429 00180
190318 0957 2 3214017429 00180
190318 0957 4 2742354762 00047
190318 0958 1 3466658213 00186
190318 0959 2 3466658213 00186
190318 0959 2 3408463525 00184
190318 1002 1 0674051067 00004
190318 1003 2 0674051067 00004
190318 1003 2 3214223381 00188
190318 1004 1 4286217980 00905
190318 1004 2 4286217980 00905
190318 1005 1 3180300217 00153
190318 1005 2 3180300217 00153
190318 1006 2 3214223381 00188
190318 1006 1 3690229446 00183
190318 1007 2 3690229446 00183
190318 1007 1 2742353514 00192
190318 1007 2 2742353514 00192
190318 1008 1 4286217980 00905
190318 1009 2 4286217980 00905
190318 1012 2 3466658213 00186
190318 1013 2 4286217980 00905
190318 1015 2 3214223381 00188
190318 1015 4 4285846892 00200
190318 1016 2 3180300217 00153
190318 1017 1 3465808053 00177
190318 1019 4 0674051067 00004
190318 1020 2 3145526534 00199
190318 1020 1 1166545250 00208
190318 1021 2 1166545250 00208
190318 1021 1 4285846892 00200
190318 1023 1 4285846892 00200
190318 1023 2 4285846892 00200
190318 1028 2 4435111614 00164
190318 1032 1 3214223381 00188
190318 1033 2 3214223381 00188
190318 1034 1 3214223381 00188
190318 1034 2 0353805386 00904
190318 1035 2 6355944412 00000
190318 1041 1 3214223381 00188
190318 1045 1 3466748197 00150
190318 1045 2 3466748197 00150
190318 1045 4 3214505957 00202
190318 1047 1 3214017429 00180
190318 1048 2 3214017429 00180
190318 1048 1 2393511778 00205
190318 1049 2 2393511778 00205
190318 1049 1 0024646619 00169
190318 1049 2 0024646619 00169
190318 1055 1 6237865324 00032
190318 1055 2 6237865324 00032
190318 1057 2 3145526534 00199
190318 1058 4 0024646619 00169
190318 1102 1 2742353514 00192
190318 1103 2 2742353514 00192
190318 1105 1 2742353498 00146
190318 1105 2 2742353498 00146
190318 1115 4 0353805386 00904
190318 1115 1 3595839158 00905
190318 1116 2 6355944412 00000
190318 1118 1 2744845370 00079
190318 1118 2 2744845370 00079
190318 1119 2 3180300217 00153
190318 1120 1 0353805386 00904
190318 1120 2 0353805386 00904
190318 1121 2 3408463525 00184
190318 1125 4 3595204294 00193
190318 1126 1 3145645846 00198
190318 1126 2 3145645846 00198
190318 1127 1 3214017429 00180
190318 1127 2 3214017429 00180
190318 1129 4 2742354762 00047
190318 1135 1 6237865324 00032
190318 1135 2 6237865324 00032
190318 1138 4 0024646619 00169
190318 1140 1 6238034684 00171
190318 1140 1 2744845370 00079
190318 1141 2 2393511778 00205
190318 1145 4 3214505957 00202
190318 1149 4 0674051067 00004
190318 1152 4 6237865324 00032
190318 1202 2 3214017429 00180
190318 1205 2 3214223381 00188
190318 1209 2 3690229446 00183
190318 1211 4 3595204294 00193
190318 1212 1 3466733797 00190
190318 1212 2 3466733797 00190
190318 1213 2 3690229446 00183
190318 1214 1 0674051067 00004
190318 1214 2 0674051067 00004
190318 1221 4 5714746026 00201
190318 1222 2 3180300217 00153
190318 1222 1 5714746026 00201
190318 1222 2 5714746026 00201
190318 1223 1 4435111614 00164
190318 1223 2 4435111614 00164
190318 1223 3 0674051067 00004
190318 1223 4 0674051067 00004
190318 1225 1 3466733797 00190
190318 1225 2 3466733797 00190
190318 1229 1 1166545250 00208
190318 1230 2 1166545250 00208
190318 1231 4 5714746026 00201
190318 1231 1 1166545250 00208
190318 1231 2 1166545250 00208
190318 1234 1 3145526534 00199
190318 1239 1 3214017429 00180
190318 1239 2 2393511778 00205
190318 1240 1 3466748197 00150
190318 1240 2 3466748197 00150
190318 1244 2 2732830658 00207
190318 1244 4 0674051067 00004
190318 1244 2 2732830658 00207
190318 1245 2 0025842283 00158
190318 1249 2 3690229446 00183
190318 1253 2 3465808053 00177
190318 1253 2 2742353514 00192
190318 1254 2 0025842283 00158
190318 1255 2 3145645846 00198
190318 1255 4 5714746026 00201
190318 1258 2 3213553141 00195
190318 1259 2 3465808053 00177
190318 1301 1 4435111614 00164
190318 1302 2 4435111614 00164
190318 1302 1 3391149413 00181
190318 1303 2 4286217980 00905
190318 1305 4 3595204294 00193
190318 1308 1 3180300217 00153
190318 1311 4 0024646619 00169
190318 1330 1 3690229446 00183
190318 1330 2 2742353498 00146
190318 1331 4 3214505957 00202
190318 1331 2 4286217980 00905
190318 1332 1 3595839158 00905
190318 1332 2 3595839158 00905
190318 1333 2 4286217980 00905
190318 1333 1 6355944412 00000
190318 1337 2 4286217980 00905
190318 1338 1 2742353514 00192
190318 1339 2 2742353514 00192
190318 1342 2 0025842283 00158
190318 1344 1 2742353514 00192
190318 1344 2 2742353514 00192
190318 1345 2 4286217980 00905
190318 1345 4 3595204294 00193
190318 1345 1 3213553141 00195
190318 1345 2 3213553141 00195
190318 1348 1 3408463525 00184
190318 1348 2 3408463525 00184
190318 1351 2 4435111614 00164
190318 1357 1 3466748197 00150
190318 1358 2 3466748197 00150
190318 1358 1 3690229446 00183
190318 1402 1 3466658213 00186
190318 1402 2 3466658213 00186
190318 1403 2 4286217980 00905
190318 1404 1 0353805386 00904
190318 1404 2 0353805386 00904
190318 1404 1 3690229446 00183
190318 1405 2 3465808053 00177
190318 1416 1 3466733797 00190
190318 1416 2 3466733797 00190
190318 1422 1 3595839158 00905
190318 1422 2 3180300217 00153
190318 1426 1 3145526534 00199
190318 1427 2 4286217980 00905
190318 1428 2 0353805386 00904
190318 1429 2 3180300217 00153
190318 1429 1 0674051067 00004
190318 1430 2 0674051067 00004
190318 1432 1 3690229446 00183
190318 1432 2 3690229446 00183
190318 1434 3 0353805386 00904
190318 1434 4 0353805386 00904
190318 1434 1 0674051067 00004
190318 1435 2 0674051067 00004
190318 1437 1 4286217980 00905
190318 1438 3 4285846892 00200
190318 1438 4 4285846892 00200
190318 1438 2 3180300217 00153
190318 1438 4 0674051067 00004
190318 1439 1 3214017429 00180
190318 1439 2 3214017429 00180
190318 1440 1 0353805386 00904
190318 1440 2 0353805386 00904
190318 1441 2 3180300217 00153
190318 1444 1 1166545250 00208
190318 1444 2 1166545250 00208
190318 1446 4 3595204294 00193
190318 1452 2 3180300217 00153
190318 1454 2 2742353498 00146
190318 1454 1 3214223381 00188
190318 1454 2 4286217980 00905
190318 1458 1 0025842283 00158
190318 1502 4 2742354762 00047
190318 1503 2 4286217980 00905
190318 1504 1 3465808053 00177
190318 1504 1 0025842283 00158
190318 1506 1 6237865324 00032
190318 1506 2 6237865324 00032
190318 1506 1 2393511778 00205
190318 1507 2 2393511778 00205
190318 1508 4 3214505957 00202
190318 1510 4 6237865324 00032
190318 1511 1 3466658213 00186
190318 1511 2 3466658213 00186
190318 1514 2 0024646619 00169
190318 1517 3 4285846892 00200
190318 1518 1 3145645846 00198
190318 1518 2 3145645846 00198
190318 1519 4 0024646619 00169
190318 1519 1 3408463525 00184
190318 1519 2 3408463525 00184
190318 1522 1 3145526534 00199
190318 1523 4 5714746026 00201
190318 1523 2 1166545250 00208
190318 1524 1 3595839158 00905
190318 1524 2 3595839158 00905
190318 1524 1 2742353498 00146
190318 1525 2 2742353498 00146
190318 1531 2 2742353498 00146
190318 1534 3 0674051067 00004
190318 1535 4 0674051067 00004
190318 1535 1 3213553141 00195
190318 1535 2 3213553141 00195
190318 1536 2 3690229446 00183
190318 1541 2 3465808053 00177
190318 1541 2 2742353514 00192
190318 1547 4 0024646619 00169
190318 1554 1 3214017429 00180
190318 1554 2 3214017429 00180
190318 1555 1 3214223381 00188
190318 1556 1 2742353514 00192
190318 1556 2 2742353514 00192
190318 1600 4 3595204294 00193
190318 1602 2 0025842283 00158
190318 1607 2 3391149413 00181
190318 1607 4 3214505957 00202
190318 1610 1 0353805386 00904
190318 1610 2 0353805386 00904
190318 1612 2 3180300217 00153
190318 1615 3 3595839158 00905
190318 1615 4 3595839158 00905
190318 1615 1 2393511778 00205
190318 1615 2 2393511778 00205
190318 1621 2 3145526534 00199
190318 1621 1 3595839158 00905
190318 1621 2 3595839158 00905
190318 1622 1 0025842283 00158
190318 1625 1 3145645846 00198
190318 1626 2 3145645846 00198
190318 1628 1 3466748197 00150
190318 1628 2 3595839158 00905
190318 1633 4 2742354762 00047
190318 1634 1 2742353514 00192
190318 1634 2 2742353514 00192
190318 1635 1 6237865324 00032
190318 1635 2 6237865324 00032
190318 1635 4 0024646619 00169
190318 1640 1 3408463525 00184
190318 1641 2 6237865324 00032
190318 1649 1 6355944412 00000
190318 1650 2 6355944412 00000
190318 1658 1 3214017429 00180
190318 1658 2 3214017429 00180
190318 1700 2 0025842283 00158
190318 1700 4 0024646619 00169
190318 1701 1 2742353498 00146
190318 1701 4 0674051067 00004
190318 1701 2 2742353498 00146
190318 1702 1 3595839158 00905
190318 1702 2 3466658213 00186
190318 1708 2 4286217980 00905
190318 1711 2 3466658213 00186
190318 1722 4 5714746026 00201
190318 1722 4 3214505957 00202
190318 1723 4 3214505957 00202
190318 1725 1 2742353514 00192
190318 1725 2 2742353514 00192
190318 1726 1 3690229446 00183
190318 1726 2 3690229446 00183
190318 1728 2 3214505957 00202
190318 1729 1 2742353498 00146
190318 1729 2 3466658213 00186
190318 1729 1 2393511778 00205
190318 1730 2 2393511778 00205
190318 1731 4 3214505957 00202
190318 1733 1 3145645846 00198
190318 1733 2 3145645846 00198
190318 1734 2 4286217980 00905
190318 1736 1 3214505957 00202
190318 1736 2 3214505957 00202
190318 1737 1 2744845370 00079
190318 1737 2 2744845370 00079
190318 1739 4 0024646619 00169
190318 1740 1 3465808053 00177
190318 1741 1 3465808053 00177
190318 1743 2 3214017429 00180
190318 1744 1 3213553141 00195
190318 1744 2 3213553141 00195
190318 1758 1 1166545250 00208
190318 1758 2 1166545250 00208
190318 1759 4 0024646619 00169
190318 1759 1 3595839158 00905
190318 1800 1 3214223381 00188
190318 1801 3 0024646619 00169
190318 1801 2 3595839158 00905
190318 1802 1 3214223381 00188
190318 1802 1 3466658213 00186
190318 1803 2 3466658213 00186
190318 1806 1 2742353514 00192
190318 1806 2 2742353514 00192
190318 1811 1 2742353514 00192
190318 1814 1 3408463525 00184
190318 1814 2 3408463525 00184
190318 1816 2 4286217980 00905
190318 1817 4 3214505957 00202
190318 1819 1 6238034684 00171
190318 1820 2 6238034684 00171
190318 1823 3 5714746026 00201
190318 1823 3 5714746026 00201
190318 1826 1 1166545250 00208
190318 1827 1 1166545250 00208
190318 1828 2 3465808053 00177
190318 1829 2 3466748197 00150
190318 1830 1 3690229446 00183
190318 1831 2 3690229446 00183
190318 1831 2 3180300217 00153
190318 1835 1 3180300217 00153
190318 1836 2 3180300217 00153
190318 1837 1 4435111614 00164
190318 1837 2 4435111614 00164
190318 1837 1 3214017429 00180
190318 1837 2 3214017429 00180
190318 1838 2 2732830658 00207
190318 1839 2 2732830658 00207
190318 1840 4 3214505957 00202
190318 1840 1 2393511778 00205
190318 1840 2 2393511778 00205
190318 1843 1 2732830658 00207
190318 1845 1 4435111614 00164
190318 1847 1 2393511778 00205
190318 1848 1 6237865324 00032
190318 1848 2 6237865324 00032
190318 1854 1 3145645846 00198
190318 1854 2 3145645846 00198
190318 1855 1 2744845370 00079
190318 1855 2 2744845370 00079
190318 1856 1 2742353498 00146
190318 1857 1 3690229446 00183
190318 1859 4 0674051067 00004
190318 1859 1 3595839158 00905
190318 1901 4 3595204294 00193
190318 1902 1 3214017429 00180
190318 1902 2 3214017429 00180
190318 1903 3 3595204294 00193
190318 1904 3 3214505957 00202
190318 1905 1 3466658213 00186
190318 1905 1 3145645846 00198
190318 1905 1 3214017429 00180
190318 1906 1 3466658213 00186
190318 1906 2 3466658213 00186
190318 1908 2 2742353498 00146
190318 1911 2 3465808053 00177
190318 1911 2 3391149413 00181
190318 1912 2 0025842283 00158
190318 1913 2 0025842283 00158
190318 1914 1 3465808053 00177
190318 1916 1 0025842283 00158
190318 1919 1 0025842283 00158
190318 1919 1 6237865324 00032
190318 1920 2 6237865324 00032
190318 1931 1 2744845370 00079
190318 1952 1 6238034684 00171
190318 1952 1 6238034684 00171
190318 1955 1 4286217980 00905
190318 1955 2 4286217980 00905
190318 1958 1 3466748197 00150
190318 1958 1 2742353498 00146
190318 1958 1 4286217980 00905
190318 1958 1 3391149413 00181
190318 1958 1 3145526534 00199
190318 2007 1 6237865324 00032
