190412 0814 1 6237865324 00032
190412 0814 1 6237865324 00032
190412 0815 2 6237865324 00032
190412 0815 1 3145526534 00199
190412 0816 2 3145526534 00199
190412 0820 3 0024646619 00169
190412 0820 1 6237865324 00032
190412 0820 3 0024646619 00169
190412 0821 2 6237865324 00032
190412 0822 4 0024646619 00169
190412 0829 4 0024646619 00169
190412 0835 3 5714746026 00201
190412 0836 4 5714746026 00201
190412 0841 1 2394843026 00210
190412 0842 2 2394843026 00210
190412 0842 4 5714746026 00201
190412 0852 1 2744845370 00079
190412 0852 2 2744845370 00079
190412 0854 1 2744845370 00079
190412 0856 1 2744845370 00079
190412 0856 1 3213553141 00195
190412 0856 2 2744845370 00079
190412 0859 4 5714746026 00201
190412 0900 3 4285846892 00200
190412 0900 4 4285846892 00200
190412 0900 2 3213553141 00195
190412 0902 4 4285846892 00200
190412 0903 1 2742353498 00146
190412 0904 2 2742353498 00146
190412 0906 2 3465808053 00177
190412 0908 2 2742353498 00146
190412 0908 2 2732830658 00207
190412 0910 2 2732830658 00207
190412 0911 4 3595204294 00193
190412 0913 1 1166545250 00208
190412 0913 2 1166545250 00208
190412 0917 3 3214505957 00202
190412 0918 4 3214505957 00202
190412 0918 1 2393511778 00205
190412 0918 2 2393511778 00205
190412 0919 4 2742354762 00047
190412 0920 4 3214505957 00202
190412 0921 1 4435111614 00164
190412 0921 2 4435111614 00164
190412 0922 4 3595204294 00193
190412 0923 2 0025842283 00158
190412 0924 1 3466748197 00150
190412 0924 2 3466748197 00150
190412 0925 4 2742354762 00047
190412 0929 1 3466748197 00150
190412 0929 1 3690229446 00183
190412 0930 2 3690229446 00183
190412 0931 2 3466748197 00150
190412 0931 1 3180611065 00152
190412 0931 2 3180611065 00152
190412 0934 2 3690229446 00183
190412 0936 1 3145645846 00198
190412 0937 2 3145645846 00198
190412 0938 2 3145526534 00199
190412 0943 2 0025842283 00158
190412 0944 1 3391149413 00181
190412 0944 2 3391149413 00181
190412 0945 1 3214017429 00180
190412 0945 2 3214017429 00180
190412 0947 2 4285846892 00200
190412 0948 2 3408463525 00184
190412 0949 2 1166545250 00208
190412 0949 4 0674051067 00004
190412 0949 1 2742353514 00192
190412 0950 2 2742353514 00192
190412 0950 2 3214017429 00180
190412 0950 3 4285846892 00200
190412 0950 4 4285846892 00200
190412 0952 2 6237865324 00032
190412 0952 1 3690229446 00183
190412 0953 2 3690229446 00183
190412 0953 1 4286217980 00905
190412 0953 1 3214223381 00188
190412 0953 2 4286217980 00905
190412 0955 1 3180300217 00153
190412 0955 2 3180300217 00153
190412 0955 2 2742353514 00192
190412 0956 4 0024646619 00169
190412 0957 1 3214017429 00180
190412 0957 2 3214017429 00180
190412 0957 1 2742353514 00192
190412 0957 2 2742353514 00192
190412 0957 1 1484663634 00166
190412 0959 1 3180300217 00153
190412 0959 4 3595204294 00193
190412 0959 2 3180300217 00153
190412 1001 4 3214505957 00202
190412 1001 1 6238034684 00171
190412 1001 2 6238034684 00171
190412 1002 2 3214223381 00188
190412 1020 2 3466733797 00190
190412 1023 1 2732830658 00207
190412 1023 2 2732830658 00207
190412 1026 1 2742353498 00146
190412 1027 2 2742353498 00146
190412 1027 1 2394843026 00210
190412 1028 2 2394843026 00210
190412 1034 1 3408463525 00184
190412 1034 2 3408463525 00184
190412 1037 2 3214223381 00188
190412 1043 1 3145526534 00199
190412 1043 2 3145526534 00199
190412 1044 1 4435111614 00164
190412 1044 2 4435111614 00164
190412 1052 1 3465808053 00177
190412 1052 2 3465808053 00177
190412 1053 1 3214017429 00180
190412 1053 2 3214017429 00180
190412 1105 1 2744845370 00079
190412 1105 2 2744845370 00079
190412 1107 1 3214223381 00188
190412 1112 2 3690229446 00183
190412 1114 2 4435111614 00164
190412 1114 2 2742353498 00146
190412 1115 2 2732830658 00207
190412 1118 1 2393511778 00205
190412 1119 2 2393511778 00205
190412 1119 1 1166545250 00208
190412 1119 2 3466748197 00150
190412 1120 1 3408463525 00184
190412 1120 2 3408463525 00184
190412 1120 1 6237865324 00032
190412 1121 1 0674051067 00004
190412 1122 2 0025842283 00158
190412 1126 4 0674051067 00004
190412 1127 1 2742353514 00192
190412 1127 2 2742353514 00192
190412 1135 1 6237865324 00032
190412 1135 2 6237865324 00032
190412 1144 1 2394843026 00210
190412 1144 2 2394843026 00210
190412 1148 4 0024646619 00169
190412 1151 1 3145526534 00199
190412 1151 2 3145526534 00199
190412 1152 1 0024646619 00169
190412 1155 2 0024646619 00169
190412 1158 1 3213553141 00195
190412 1159 2 3213553141 00195
190412 1201 1 1484663634 00166
190412 1201 2 1484663634 00166
190412 1203 2 3180300217 00153
190412 1203 4 0024646619 00169
190412 1204 2 3180611065 00152
190412 1207 2 6238034684 00171
190412 1210 2 2394843026 00210
190412 1212 2 3214223381 00188
190412 1212 2 3180300217 00153
190412 1213 4 0674051067 00004
190412 1214 2 3180611065 00152
190412 1215 2 2393511778 00205
190412 1215 2 4286217980 00905
190412 1216 2 2744845370 00079
190412 1216 1 3466733797 00190
190412 1219 2 3214017429 00180
190412 1219 2 4435111614 00164
190412 1219 2 3391149413 00181
190412 1220 4 5714746026 00201
190412 1221 4 0674051067 00004
190412 1223 4 3595204294 00193
190412 1224 2 2394843026 00210
190412 1227 4 3595204294 00193
190412 1227 2 3408463525 00184
190412 1228 4 5714746026 00201
190412 1228 2 6237865324 00032
190412 1229 4 2742354762 00047
190412 1235 2 6237865324 00032
190412 1237 2 2394843026 00210
190412 1241 2 3465808053 00177
190412 1246 2 2744845370 00079
190412 1248 2 2742353514 00192
190412 1255 2 3465808053 00177
190412 1258 2 0025842283 00158
190412 1300 2 3408463525 00184
190412 1300 2 3213553141 00195
190412 1302 2 4435111614 00164
190412 1304 4 3595204294 00193
190412 1304 2 1166545250 00208
190412 1304 2 0025842283 00158
190412 1305 4 5713740026 00175
190412 1305 2 2742353514 00192
190412 1306 2 3180611065 00152
190412 1309 4 0024646619 00169
190412 1317 1 2742353514 00192
190412 1317 2 2742353514 00192
190412 1321 2 3466748197 00150
190412 1322 2 4286217980 00905
190412 1323 4 5713740026 00175
190412 1323 3 3214505957 00202
190412 1323 2 3180300217 00153
190412 1323 4 3214505957 00202
190412 1323 2 3466733797 00190
190412 1326 2 2732830658 00207
190412 1328 2 2742353498 00146
190412 1329 2 3180300217 00153
190412 1330 2 3214223381 00188
190412 1331 2 5713740026 00175
190412 1331 2 2744845370 00079
190412 1334 2 3465808053 00177
190412 1338 2 3466748197 00150
190412 1340 2 3466748197 00150
190412 1343 2 3145645846 00198
190412 1343 2 6237865324 00032
190412 1343 2 1484663634 00166
190412 1344 2 6238034684 00171
190412 1344 2 4435111614 00164
190412 1346 2 3180300217 00153
190412 1346 2 3180611065 00152
190412 1348 4 2742354762 00047
190412 1349 2 1166545250 00208
190412 1349 2 3690229446 00183
190412 1350 2 3391149413 00181
190412 1353 4 4286217980 00905
190412 1353 2 1484663634 00166
190412 1354 2 4435111614 00164
190412 1355 1 6237865324 00032
190412 1356 2 6237865324 00032
190412 1359 4 2744845370 00079
190412 1359 3 3213553141 00195
190412 1400 4 4435111614 00164
190412 1401 3 3214017429 00180
190412 1402 4 3145645846 00198
190412 1403 4 4286217980 00905
190412 1404 4 3180300217 00153
190412 1405 4 3180611065 00152
190412 1405 4 2394843026 00210
190412 1411 4 3213553141 00195
190412 1411 4 5713740026 00175
190412 1414 1 3466658213 00186
190412 1414 2 3466658213 00186
190412 1416 4 3214505957 00202
190412 1417 4 3466658213 00186
190412 1418 4 3466658213 00186
190412 1421 4 3214505957 00202
190412 1426 2 3214223381 00188
190412 1431 1 3214223381 00188
190412 1432 1 3408463525 00184
190412 1432 2 3408463525 00184
190412 1439 2 3214223381 00188
190412 1442 2 3214223381 00188
190412 1447 3 1166545250 00208
190412 1447 4 3408463525 00184
190412 1449 1 3408463525 00184
190412 1449 2 3408463525 00184
190412 1450 1 1166545250 00208
190412 1451 2 1166545250 00208
190412 1454 4 0024646619 00169
190412 1458 4 3214223381 00188
190412 1459 4 3595204294 00193
190412 1459 4 3595204294 00193
190412 1501 3 1166545250 00208
190412 1501 4 1166545250 00208
190412 1502 4 3214505957 00202
190412 1508 3 3466658213 00186
190412 1509 4 3466658213 00186
190412 1513 1 2394843026 00210
190412 1514 2 2394843026 00210
190412 1515 4 1166545250 00208
190412 1516 4 3214505957 00202
190412 1516 4 4435111614 00164
190412 1518 4 2742354762 00047
190412 1520 4 3690229446 00183
190412 1520 1 4435111614 00164
190412 1521 4 3214223381 00188
190412 1521 2 4435111614 00164
190412 1522 4 3214017429 00180
190412 1523 1 3466733797 00190
190412 1523 4 6238034684 00171
190412 1523 2 3466733797 00190
190412 1523 4 2742353498 00146
190412 1524 1 3214223381 00188
190412 1524 4 2744845370 00079
190412 1524 2 3408463525 00184
190412 1524 2 3214223381 00188
190412 1525 1 6237865324 00032
190412 1525 2 6237865324 00032
190412 1527 1 2394843026 00210
190412 1527 2 2394843026 00210
190412 1529 4 2394843026 00210
190412 1529 1 3465808053 00177
190412 1530 2 6238034684 00171
190412 1530 4 0674051067 00004
190412 1530 1 2742353514 00192
190412 1531 2 2742353514 00192
190412 1532 4 3466733797 00190
190412 1534 1 1166545250 00208
190412 1534 2 1166545250 00208
190412 1537 4 3214505957 00202
190412 1537 1 1484663634 00166
190412 1538 2 1484663634 00166
190412 1538 1 3214505957 00202
190412 1541 4 3214505957 00202
190412 1554 1 3465808053 00177
190412 1555 2 3465808053 00177
190412 1558 1 2742353514 00192
190412 1558 2 2742353514 00192
190412 1608 2 3214223381 00188
190412 1614 4 3408463525 00184
190412 1616 4 2732830658 00207
190412 1616 4 0024646619 00169
190412 1617 4 3180611065 00152
190412 1620 4 2393511778 00205
190412 1621 4 3145645846 00198
190412 1625 1 1166545250 00208
190412 1625 2 1166545250 00208
190412 1628 4 5713740026 00175
190412 1641 1 2394843026 00210
190412 1642 2 2394843026 00210
190412 1644 4 2394843026 00210
190412 1648 1 0674051067 00004
190412 1649 4 2394843026 00210
190412 1649 2 0674051067 00004
190412 1653 1 1484663634 00166
190412 1653 2 1484663634 00166
190412 1702 1 2742353514 00192
190412 1702 2 2742353514 00192
190412 1702 1 1166545250 00208
190412 1703 2 1166545250 00208
190412 1709 4 3466748197 00150
190412 1712 4 0025842283 00158
190412 1712 1 3465808053 00177
190412 1712 2 3465808053 00177
190412 1720 1 4435111614 00164
190412 1721 2 4435111614 00164
190412 1722 1 0025842283 00158
190412 1722 2 0025842283 00158
190412 1724 1 3214017429 00180
190412 1724 2 3466733797 00190
190412 1724 2 3214017429 00180
190412 1725 2 2744845370 00079
190412 1725 2 3391149413 00181
190412 1727 2 3214223381 00188
190412 1727 2 2732830658 00207
190412 1728 4 4286217980 00905
190412 1729 2 3466748197 00150
190412 1729 2 3145526534 00199
190412 1731 2 3214223381 00188
190412 1731 2 3214223381 00188
190412 1732 1 4435111614 00164
190412 1734 2 4286217980 00905
190412 1737 4 0024646619 00169
190412 1740 1 3213553141 00195
190412 1740 2 3213553141 00195
190412 1742 4 0024646619 00169
190412 1745 1 3466658213 00186
190412 1745 2 3466658213 00186
190412 1749 2 3214223381 00188
190412 1751 1 3145645846 00198
190412 1751 1 2742353514 00192
190412 1751 2 3145645846 00198
190412 1752 1 2742353514 00192
190412 1752 2 3214223381 00188
190412 1753 4 3595204294 00193
190412 1754 2 3214223381 00188
190412 1755 1 3145526534 00199
190412 1755 2 3145526534 00199
190412 1758 4 0024646619 00169
190412 1800 3 0024646619 00169
190412 1800 1 2742353498 00146
190412 1801 2 2742353498 00146
190412 1801 1 3180611065 00152
190412 1801 2 3180611065 00152
190412 1804 4 3214505957 00202
190412 1809 1 3214223381 00188
190412 1810 4 3214505957 00202
190412 1811 1 3214223381 00188
190412 1813 1 1166545250 00208
190412 1813 2 1166545250 00208
190412 1814 1 3214505957 00202
190412 1815 2 3214505957 00202
190412 1814 1 2393511778 00205
190412 1815 2 2393511778 00205
190412 1819 4 4285846892 00200
190412 1820 1 6237865324 00032
190412 1820 2 6237865324 00032
190412 1822 4 3214505957 00202
190412 1822 1 3466658213 00186
190412 1823 2 3466658213 00186
190412 1824 1 3180611065 00152
190412 1825 4 5713740026 00175
190412 1826 1 3466733797 00190
190412 1826 2 3466733797 00190
190412 1826 1 2742353514 00192
190412 1826 2 2742353514 00192
190412 1828 1 3690229446 00183
190412 1828 2 1166545250 00208
190412 1829 1 3214017429 00180
190412 1830 2 1484663634 00166
190412 1830 1 1166545250 00208
190412 1830 2 3214017429 00180
190412 1830 1 2744845370 00079
190412 1830 1 2742353514 00192
190412 1831 2 2394843026 00210
190412 1831 1 3466658213 00186
190412 1831 2 3690229446 00183
190412 1831 1 3213553141 00195
190412 1831 2 3466658213 00186
190412 1831 3 5714746026 00201
190412 1832 4 5714746026 00201
190412 1831 1 2744845370 00079
190412 1833 1 5714746026 00201
190412 1834 2 5714746026 00201
190412 1837 4 3214505957 00202
190412 1837 4 3595204294 00193
190412 1838 4 0674051067 00004
190412 1838 3 3595204294 00193
190412 1840 1 2393511778 00205
190412 1840 2 2393511778 00205
190412 1841 1 6238034684 00171
190412 1841 2 6238034684 00171
190412 1841 4 5714746026 00201
190412 1841 2 3690229446 00183
190412 1842 1 2393511778 00205
190412 1845 1 0025842283 00158
190412 1845 2 0025842283 00158
190412 1848 3 4285846892 00200
190412 1848 4 3214505957 00202
190412 1848 1 3690229446 00183
190412 1848 3 5714746026 00201
190412 1848 3 5714746026 00201
190412 1850 3 4285846892 00200
190412 1851 1 1484663634 00166
190412 1851 2 1484663634 00166
190412 1853 1 3466748197 00150
190412 1854 2 3466748197 00150
190412 1854 1 3465808053 00177
190412 1854 2 3465808053 00177
190412 1900 1 6237865324 00032
190412 1901 2 6237865324 00032
190412 1901 1 3145645846 00198
190412 1902 2 3145645846 00198
190412 1907 2 1484663634 00166
190412 1907 1 1484663634 00166
190412 1908 3 0674051067 00004
190412 1909 1 3466658213 00186
190412 1910 2 3214017429 00180
190412 1913 1 3214017429 00180
190412 1913 1 2732830658 00207
190412 1913 1 4286217980 00905
190412 1913 1 3391149413 00181
190412 1913 1 6238034684 00171
190412 1913 1 3466748197 00150
190412 1913 1 3145645846 00198
190412 1913 1 2742353498 00146
190412 1916 1 6237865324 00032
190412 1917 2 6237865324 00032
190412 1953 1 0025842283 00158
190412 1953 2 0025842283 00158
190412 2007 1 6237865324 00032
190412 2008 2 6237865324 00032
190412 2015 1 6237865324 00032
