190325 0759 1 6237865324 00032
190325 0759 2 6237865324 00032
190325 0805 1 6237865324 00032
190325 0806 2 6237865324 00032
190325 0826 3 0024646619 00169
190325 0826 3 0024646619 00169
190325 0828 4 0024646619 00169
190325 0834 1 0024646619 00169
190325 0834 2 0024646619 00169
190325 0840 1 5714746026 00201
190325 0840 2 5714746026 00201
190325 0841 4 0024646619 00169
190325 0841 1 3465808053 00177
190325 0842 2 3465808053 00177
190325 0845 3 5714746026 00201
190325 0845 4 5714746026 00201
190325 0845 1 3465808053 00177
190325 0846 2 3465808053 00177
190325 0900 4 5714746026 00201
190325 0900 4 0024646619 00169
190325 0904 4 5714746026 00201
190325 0907 1 2742353498 00146
190325 0907 2 2742353498 00146
190325 0909 1 2732830658 00207
190325 0909 2 3465808053 00177
190325 0910 1 3690229446 00183
190325 0911 1 3690229446 00183
190325 0911 2 3690229446 00183
190325 0911 1 1166545250 00208
190325 0912 2 1166545250 00208
190325 0913 1 4435111614 00164
190325 0913 2 4435111614 00164
190325 0914 2 3465808053 00177
190325 0915 1 1166545250 00208
190325 0916 1 2393511778 00205
190325 0916 2 1166545250 00208
190325 0916 1 3145526534 00199
190325 0916 2 3145526534 00199
190325 0917 2 6237865324 00032
190325 0918 1 3213553141 00195
190325 0918 2 3213553141 00195
190325 0919 1 2742353498 00146
190325 0919 2 2742353498 00146
190325 0921 2 0025842283 00158
190325 0921 1 2742353514 00192
190325 0921 2 2742353514 00192
190325 0921 2 3213553141 00195
190325 0926 3 3595204294 00193
190325 0926 4 3595204294 00193
190325 0928 1 2732830658 00207
190325 0928 2 2732830658 00207
190325 0929 2 0025842283 00158
190325 0929 1 3214223381 00188
190325 0929 1 2742353498 00146
190325 0929 2 2742353498 00146
190325 0931 3 3214505957 00202
190325 0931 4 3214505957 00202
190325 0936 1 2744845370 00079
190325 0936 2 2744845370 00079
190325 0937 4 3595204294 00193
190325 0940 4 0674051067 00004
190325 0942 2 2744845370 00079
190325 0942 2 3214223381 00188
190325 0942 1 3214017429 00180
190325 0943 2 3214017429 00180
190325 0944 1 1484663634 00166
190325 0944 1 3180611065 00152
190325 0944 1 6238034684 00171
190325 0945 2 1484663634 00166
190325 0945 2 3690229446 00183
190325 0947 2 3180611065 00152
190325 0947 1 3391149413 00181
190325 0947 2 3391149413 00181
190325 0950 2 6237865324 00032
190325 0955 2 3214223381 00188
190325 0956 2 3214223381 00188
190325 0957 2 3180611065 00152
190325 0957 4 3214505957 00202
190325 0958 1 3408463525 00184
190325 0958 2 3408463525 00184
190325 0959 4 3214505957 00202
190325 1000 2 3214223381 00188
190325 1002 2 2742353514 00192
190325 1004 2 2732830658 00207
190325 1004 4 3214505957 00202
190325 1004 2 3690229446 00183
190325 1005 2 3214223381 00188
190325 1005 4 3214505957 00202
190325 1008 2 0674051067 00004
190325 1008 1 3180300217 00153
190325 1009 2 3180300217 00153
190325 1009 1 1484663634 00166
190325 1009 2 1484663634 00166
190325 1012 1 2742353514 00192
190325 1012 2 2742353514 00192
190325 1013 1 3466658213 00186
190325 1013 2 3466658213 00186
190325 1014 1 3214223381 00188
190325 1015 2 3214017429 00180
190325 1018 4 3465808053 00177
190325 1018 2 3214223381 00188
190325 1022 2 3214223381 00188
190325 1023 1 3465808053 00177
190325 1028 1 3214223381 00188
190325 1040 4 3595204294 00193
190325 1042 1 3466733797 00190
190325 1042 2 3466733797 00190
190325 1043 1 6237865324 00032
190325 1043 2 6237865324 00032
190325 1048 4 0674051067 00004
190325 1049 1 2393511778 00205
190325 1049 2 2393511778 00205
190325 1049 1 3465808053 00177
190325 1050 2 3465808053 00177
190325 1050 4 0674051067 00004
190325 1054 2 1484663634 00166
190325 1054 2 4435111614 00164
190325 1056 1 3180300217 00153
190325 1056 2 3180300217 00153
190325 1100 2 2742353514 00192
190325 1101 1 1166545250 00208
190325 1103 1 1484663634 00166
190325 1103 2 1484663634 00166
190325 1104 1 3214017429 00180
190325 1104 2 3214017429 00180
190325 1107 1 3690229446 00183
190325 1107 2 3690229446 00183
190325 1107 4 3214505957 00202
190325 1112 1 3145526534 00199
190325 1113 2 3145526534 00199
190325 1118 4 3214223381 00188
190325 1120 4 5714746026 00201
190325 1120 1 3214223381 00188
190325 1121 1 3180611065 00152
190325 1121 2 3180611065 00152
190325 1123 4 0024646619 00169
190325 1132 2 3214223381 00188
190325 1139 1 3213553141 00195
190325 1140 2 3213553141 00195
190325 1141 4 3214505957 00202
190325 1145 1 2393511778 00205
190325 1145 2 2393511778 00205
190325 1148 2 2744845370 00079
190325 1149 4 0025842283 00158
190325 1151 1 6237865324 00032
190325 1152 2 6237865324 00032
190325 1152 1 2732830658 00207
190325 1153 2 2732830658 00207
190325 1154 1 0025842283 00158
190325 1155 2 0025842283 00158
190325 1158 4 0024646619 00169
190325 1201 1 2742353514 00192
190325 1201 2 2742353514 00192
190325 1206 2 5714746026 00201
190325 1211 2 0674051067 00004
190325 1213 4 3595204294 00193
190325 1214 2 2742353498 00146
190325 1217 2 0025842283 00158
190325 1218 2 0025842283 00158
190325 1219 4 5714746026 00201
190325 1220 4 3595204294 00193
190325 1223 2 3180611065 00152
190325 1224 1 3466733797 00190
190325 1225 4 0674051067 00004
190325 1229 1 6237865324 00032
190325 1229 2 6237865324 00032
190325 1233 4 3214505957 00202
190325 1233 1 2742353514 00192
190325 1233 2 2742353514 00192
190325 1234 1 3408463525 00184
190325 1234 2 3408463525 00184
190325 1235 1 6237865324 00032
190325 1235 2 6237865324 00032
190325 1236 4 3214505957 00202
190325 1237 1 3465808053 00177
190325 1237 2 3465808053 00177
190325 1244 1 3465808053 00177
190325 1245 2 3465808053 00177
190325 1245 1 3213553141 00195
190325 1246 2 3213553141 00195
190325 1248 1 0025842283 00158
190325 1248 2 0025842283 00158
190325 1248 2 2742353498 00146
190325 1250 1 2744845370 00079
190325 1250 2 2744845370 00079
190325 1251 1 3466733797 00190
190325 1251 2 3466733797 00190
190325 1251 4 5714746026 00201
190325 1254 1 2742353498 00146
190325 1255 2 2742353498 00146
190325 1256 1 2742353514 00192
190325 1257 2 2742353514 00192
190325 1257 1 4435111614 00164
190325 1257 2 4435111614 00164
190325 1303 4 3595204294 00193
190325 1304 1 2742353498 00146
190325 1305 2 2742353498 00146
190325 1308 4 0674051067 00004
190325 1310 4 0024646619 00169
190325 1312 1 2394843026 00210
190325 1312 2 2394843026 00210
190325 1313 2 3690229446 00183
190325 1314 1 3180300217 00153
190325 1314 2 3145526534 00199
190325 1314 2 3690229446 00183
190325 1317 2 2394843026 00210
190325 1317 2 2732830658 00207
190325 1318 2 3145526534 00199
190325 1319 1 3466748197 00150
190325 1319 2 3466748197 00150
190325 1321 2 2742353514 00192
190325 1323 2 3180300217 00153
190325 1324 2 3466748197 00150
190325 1326 2 2742353498 00146
190325 1327 2 2393511778 00205
190325 1330 2 3214223381 00188
190325 1333 2 3690229446 00183
190325 1335 2 1166545250 00208
190325 1337 2 3180300217 00153
190325 1338 1 3213553141 00195
190325 1338 2 3213553141 00195
190325 1341 1 1484663634 00166
190325 1341 2 6238034684 00171
190325 1345 1 3408463525 00184
190325 1345 2 3408463525 00184
190325 1345 2 3214223381 00188
190325 1348 1 5714746026 00201
190325 1348 2 5714746026 00201
190325 1351 2 3214223381 00188
190325 1356 1 3466658213 00186
190325 1356 2 3466658213 00186
190325 1357 4 0024646619 00169
190325 1358 4 3595204294 00193
190325 1401 1 2394843026 00210
190325 1401 1 2742353514 00192
190325 1401 2 2742353514 00192
190325 1402 2 2394843026 00210
190325 1406 1 6355944412 00000
190325 1407 2 6355944412 00000
190325 1407 2 3214223381 00188
190325 1413 2 3214223381 00188
190325 1413 4 3214505957 00202
190325 1416 2 3391149413 00181
190325 1418 1 3466658213 00186
190325 1418 4 5714746026 00201
190325 1421 4 0674051067 00004
190325 1422 3 5714746026 00201
190325 1422 4 5714746026 00201
190325 1424 1 2744845370 00079
190325 1424 2 3180611065 00152
190325 1427 2 4435111614 00164
190325 1428 2 6237865324 00032
190325 1429 1 0674051067 00004
190325 1430 2 3214223381 00188
190325 1433 2 6355944412 00000
190325 1433 2 2742353514 00192
190325 1435 1 3213553141 00195
190325 1435 2 3213553141 00195
190325 1439 1 4435111614 00164
190325 1439 2 4435111614 00164
190325 1448 1 3214104853 00901
190325 1450 2 3214104853 00901
190325 1457 1 2394843026 00210
190325 1457 2 2394843026 00210
190325 1458 1 3408463525 00184
190325 1458 2 3408463525 00184
190325 1503 2 2742353514 00192
190325 1503 4 5714746026 00201
190325 1505 1 2742353514 00192
190325 1505 2 2742353514 00192
190325 1507 1 6237865324 00032
190325 1508 2 6238034684 00171
190325 1508 2 3180611065 00152
190325 1510 1 1166545250 00208
190325 1511 2 1166545250 00208
190325 1511 1 2393511778 00205
190325 1511 2 2393511778 00205
190325 1515 1 2732830658 00207
190325 1515 2 2732830658 00207
190325 1531 1 3213553141 00195
190325 1532 2 3213553141 00195
190325 1535 1 2742353498 00146
190325 1535 2 2742353498 00146
190325 1536 4 3214505957 00202
190325 1537 1 3466658213 00186
190325 1537 2 3466658213 00186
190325 1544 1 3214017429 00180
190325 1544 2 3214017429 00180
190325 1558 2 0025842283 00158
190325 1602 1 2393511778 00205
190325 1602 2 2393511778 00205
190325 1606 1 3180611065 00152
190325 1608 4 0024646619 00169
190325 1608 1 2744845370 00079
190325 1608 2 2744845370 00079
190325 1609 1 1484663634 00166
190325 1609 4 3214505957 00202
190325 1609 2 1484663634 00166
190325 1610 1 3214223381 00188
190325 1612 2 2742353514 00192
190325 1614 1 3214223381 00188
190325 1615 2 2742353514 00192
190325 1617 1 6237865324 00032
190325 1617 2 6237865324 00032
190325 1625 2 3180611065 00152
190325 1626 1 3690229446 00183
190325 1626 2 3690229446 00183
190325 1632 1 2394843026 00210
190325 1632 2 2394843026 00210
190325 1633 1 2732830658 00207
190325 1634 2 2732830658 00207
190325 1640 1 3465808053 00177
190325 1640 2 3465808053 00177
190325 1643 1 2393511778 00205
190325 1643 2 3214017429 00180
190325 1644 1 4435111614 00164
190325 1644 2 4435111614 00164
190325 1647 1 3408463525 00184
190325 1648 2 3408463525 00184
190325 1652 1 1484663634 00166
190325 1655 1 2732830658 00207
190325 1655 2 2732830658 00207
190325 1656 1 2742353498 00146
190325 1656 2 2742353498 00146
190325 1656 1 3213553141 00195
190325 1656 2 3213553141 00195
190325 1657 1 3690229446 00183
190325 1657 2 3214017429 00180
190325 1711 1 2742353514 00192
190325 1712 2 2742353514 00192
190325 1727 1 6237865324 00032
190325 1727 2 6237865324 00032
190325 1739 1 2393511778 00205
190325 1739 2 2393511778 00205
190325 1745 1 3145526534 00199
190325 1745 2 3145526534 00199
190325 1748 1 3391149413 00181
190325 1748 1 3466658213 00186
190325 1748 2 3466658213 00186
190325 1750 1 2394843026 00210
190325 1750 2 2394843026 00210
190325 1751 2 3391149413 00181
190325 1753 1 3214017429 00180
190325 1754 2 2744845370 00079
190325 1757 1 4435111614 00164
190325 1757 2 4435111614 00164
190325 1757 1 1166545250 00208
190325 1758 2 1166545250 00208
190325 1759 1 1484663634 00166
190325 1759 2 1484663634 00166
190325 1801 4 0024646619 00169
190325 1802 4 3595204294 00193
190325 1804 3 0024646619 00169
190325 1806 1 3214104853 00901
190325 1808 1 4435111614 00164
190325 1813 1 2742353514 00192
190325 1815 1 3690229446 00183
190325 1815 2 3690229446 00183
190325 1818 1 6237865324 00032
190325 1819 2 6237865324 00032
190325 1823 4 3595204294 00193
190325 1827 1 3213553141 00195
190325 1828 2 3213553141 00195
190325 1828 1 3180300217 00153
190325 1828 2 3180300217 00153
190325 1829 3 3595204294 00193
190325 1830 2 1166545250 00208
190325 1830 1 1166545250 00208
190325 1830 1 3180611065 00152
190325 1830 2 3180611065 00152
190325 1832 2 2394843026 00210
190325 1833 1 3180300217 00153
190325 1834 2 2393511778 00205
190325 1834 1 3466658213 00186
190325 1835 1 3213553141 00195
190325 1835 1 3145526534 00199
190325 1835 2 2732830658 00207
190325 1837 1 3180611065 00152
190325 1837 4 3214505957 00202
190325 1837 1 3214104853 00901
190325 1839 4 3214505957 00202
190325 1840 4 3214223381 00188
190325 1841 1 3408463525 00184
190325 1841 2 3408463525 00184
190325 1841 1 2742353498 00146
190325 1842 2 2742353498 00146
190325 1842 1 3214017429 00180
190325 1842 2 3214017429 00180
190325 1843 2 0025842283 00158
190325 1843 1 2393511778 00205
190325 1843 2 3408463525 00184
190325 1844 1 2732830658 00207
190325 1847 1 3408463525 00184
190325 1847 2 1484663634 00166
190325 1850 4 0674051067 00004
190325 1854 1 3466658213 00186
190325 1854 2 3466658213 00186
190325 1855 1 3690229446 00183
190325 1901 1 3214223381 00188
190325 1902 1 3466658213 00186
190325 1902 1 3391149413 00181
190325 1902 1 3214017429 00180
190325 1902 2 2742353498 00146
190325 1902 1 2742353498 00146
190325 1903 1 6237865324 00032
190325 1903 2 6237865324 00032
190325 1907 2 6237865324 00032
190325 1907 1 3214223381 00188
190325 1909 2 6237865324 00032
190325 1911 4 0674051067 00004
190325 1912 1 3466748197 00150
190325 1915 1 2744845370 00079
190325 1916 1 6238034684 00171
190325 1916 1 2744845370 00079
190325 1917 1 6237865324 00032
190325 1920 2 0025842283 00158
190325 1923 1 3465808053 00177
190325 1923 2 3465808053 00177
190325 1926 4 0674051067 00004
190325 1926 1 0025842283 00158
190325 1927 1 0025842283 00158
190325 1927 2 0025842283 00158
190325 1932 4 3214505957 00202
190325 1935 3 5714746026 00201
190325 1935 4 5714746026 00201
190325 1936 3 3214505957 00202
