190408 0803 1 6237865324 00032
190408 0804 2 6237865324 00032
190408 0811 1 6237865324 00032
190408 0811 2 6237865324 00032
190408 0819 3 0024646619 00169
190408 0819 3 0024646619 00169
190408 0821 4 0024646619 00169
190408 0829 4 0024646619 00169
190408 0843 3 5714746026 00201
190408 0844 4 5714746026 00201
190408 0844 1 3213553141 00195
190408 0845 2 3213553141 00195
190408 0847 2 3213553141 00195
190408 0848 2 3213553141 00195
190408 0849 1 3690229446 00183
190408 0850 2 3690229446 00183
190408 0851 4 0024646619 00169
190408 0853 4 5714746026 00201
190408 0856 2 3690229446 00183
190408 0857 2 2394843026 00210
190408 0858 1 3465808053 00177
190408 0859 2 3465808053 00177
190408 0901 1 2742353498 00146
190408 0902 2 2742353498 00146
190408 0907 1 2732830658 00207
190408 0907 2 2732830658 00207
190408 0908 2 3690229446 00183
190408 0909 2 2732830658 00207
190408 0910 1 2742353514 00192
190408 0910 2 2742353514 00192
190408 0917 1 2393511778 00205
190408 0917 2 2742353514 00192
190408 0917 2 2393511778 00205
190408 0918 1 4435111614 00164
190408 0918 2 4435111614 00164
190408 0919 3 4285846892 00200
190408 0920 4 4285846892 00200
190408 0920 1 1166545250 00208
190408 0920 2 1166545250 00208
190408 0922 4 4285846892 00200
190408 0923 1 3214223381 00188
190408 0925 2 2393511778 00205
190408 0925 2 2394843026 00210
190408 0926 3 3595204294 00193
190408 0926 4 3595204294 00193
190408 0927 1 3466748197 00150
190408 0928 2 3466748197 00150
190408 0928 3 3214505957 00202
190408 0928 4 3214505957 00202
190408 0928 1 3145645846 00198
190408 0929 2 3145645846 00198
190408 0929 2 6237865324 00032
190408 0934 2 3690229446 00183
190408 0936 2 4435111614 00164
190408 0939 4 3595204294 00193
190408 0940 1 2742353498 00146
190408 0940 2 2742353498 00146
190408 0941 2 3214223381 00188
190408 0943 1 3180611065 00152
190408 0944 2 3180611065 00152
190408 0951 1 3391149413 00181
190408 0951 2 3391149413 00181
190408 0952 1 3214017429 00180
190408 0952 2 3214017429 00180
190408 0953 4 3214505957 00202
190408 0954 4 2742354762 00047
190408 0957 1 1484663634 00166
190408 0958 2 1484663634 00166
190408 0959 4 2742354762 00047
190408 1002 1 3180300217 00153
190408 1002 1 3466733797 00190
190408 1003 2 3180300217 00153
190408 1004 4 0674051067 00004
190408 1008 2 3180300217 00153
190408 1009 1 3690229446 00183
190408 1009 4 0674051067 00004
190408 1009 2 3690229446 00183
190408 1010 2 0353805386 00904
190408 1010 1 3466658213 00186
190408 1011 2 3466658213 00186
190408 1013 1 3408463525 00184
190408 1013 2 3408463525 00184
190408 1017 4 0024646619 00169
190408 1017 2 0353805386 00904
190408 1018 2 0353805386 00904
190408 1019 2 3465808053 00177
190408 1028 2 4435111614 00164
190408 1030 1 2732830658 00207
190408 1031 2 2732830658 00207
190408 1035 4 3595204294 00193
190408 1036 2 3466748197 00150
190408 1036 2 0674051067 00004
190408 1037 1 3213553141 00195
190408 1037 2 3213553141 00195
190408 1040 3 4285846892 00200
190408 1042 4 0674051067 00004
190408 1050 1 3145645846 00198
190408 1050 2 3145645846 00198
190408 1050 1 2742353514 00192
190408 1051 1 6237865324 00032
190408 1053 1 2394843026 00210
190408 1053 2 2394843026 00210
190408 1055 1 3466658213 00186
190408 1056 2 3466658213 00186
190408 1106 2 3214223381 00188
190408 1107 1 3180611065 00152
190408 1107 2 3180611065 00152
190408 1108 1 3214017429 00180
190408 1108 2 3214017429 00180
190408 1111 2 2393511778 00205
190408 1111 1 1166545250 00208
190408 1112 2 1166545250 00208
190408 1112 2 3214223381 00188
190408 1116 1 3466658213 00186
190408 1116 2 3466658213 00186
190408 1116 1 2732830658 00207
190408 1117 2 2732830658 00207
190408 1119 4 2742354762 00047
190408 1123 1 6355944412 00000
190408 1124 2 6355944412 00000
190408 1129 2 3408463525 00184
190408 1130 1 6237865324 00032
190408 1130 2 6237865324 00032
190408 1131 1 2394843026 00210
190408 1135 1 2742353514 00192
190408 1135 2 2742353514 00192
190408 1142 4 3595204294 00193
190408 1143 1 2742353498 00146
190408 1143 2 2742353498 00146
190408 1147 1 3465808053 00177
190408 1147 2 3465808053 00177
190408 1148 4 0674051067 00004
190408 1149 1 3213553141 00195
190408 1154 4 3214505957 00202
190408 1156 1 6355944412 00000
190408 1157 2 6355944412 00000
190408 1200 2 1484663634 00166
190408 1202 4 5714746026 00201
190408 1205 2 5714746026 00201
190408 1209 2 3213553141 00195
190408 1209 2 3690229446 00183
190408 1209 4 0024646619 00169
190408 1211 4 3595204294 00193
190408 1214 4 5714746026 00201
190408 1216 2 3180300217 00153
190408 1217 1 2742353514 00192
190408 1217 2 2742353514 00192
190408 1219 1 3391149413 00181
190408 1219 2 3391149413 00181
190408 1219 1 3465808053 00177
190408 1219 2 3465808053 00177
190408 1220 1 3466733797 00190
190408 1220 2 2394843026 00210
190408 1223 1 2393511778 00205
190408 1224 2 2393511778 00205
190408 1224 1 2394843026 00210
190408 1227 1 3466658213 00186
190408 1227 2 3466658213 00186
190408 1227 1 3408463525 00184
190408 1228 2 3408463525 00184
190408 1230 2 6237865324 00032
190408 1231 4 2742354762 00047
190408 1231 2 3690229446 00183
190408 1233 4 5714746026 00201
190408 1234 2 2742353498 00146
190408 1235 4 0024646619 00169
190408 1236 2 3214017429 00180
190408 1237 2 1166545250 00208
190408 1238 2 6237865324 00032
190408 1239 2 2742353514 00192
190408 1244 2 2393511778 00205
190408 1245 4 5714746026 00201
190408 1247 2 2742353514 00192
190408 1247 2 3465808053 00177
190408 1252 2 3145645846 00198
190408 1253 2 3213553141 00195
190408 1255 2 2732830658 00207
190408 1258 2 3466658213 00186
190408 1258 4 3595204294 00193
190408 1259 2 3145645846 00198
190408 1301 4 0024646619 00169
190408 1305 2 3214017429 00180
190408 1306 2 3180611065 00152
190408 1310 2 3145645846 00198
190408 1311 2 2742353498 00146
190408 1314 2 3466748197 00150
190408 1315 2 2742353514 00192
190408 1317 2 3214017429 00180
190408 1317 2 3690229446 00183
190408 1319 2 3408463525 00184
190408 1320 2 0353805386 00904
190408 1320 2 3466733797 00190
190408 1321 2 3391149413 00181
190408 1321 2 3408463525 00184
190408 1322 1 3465808053 00177
190408 1323 2 3465808053 00177
190408 1326 1 3214223381 00188
190408 1330 2 3214223381 00188
190408 1330 1 3145526534 00199
190408 1330 2 3145526534 00199
190408 1332 2 3214223381 00188
190408 1332 4 3214505957 00202
190408 1335 1 2742353498 00146
190408 1335 2 2742353498 00146
190408 1337 1 1484663634 00166
190408 1337 2 1484663634 00166
190408 1339 1 3690229446 00183
190408 1339 2 3690229446 00183
190408 1339 1 6238034684 00171
190408 1340 2 6238034684 00171
190408 1341 1 1166545250 00208
190408 1341 2 1166545250 00208
190408 1343 1 2742353514 00192
190408 1343 2 2742353514 00192
190408 1347 2 3213553141 00195
190408 1352 1 2394843026 00210
190408 1353 2 2394843026 00210
190408 1359 1 4435111614 00164
190408 1400 2 4435111614 00164
190408 1404 1 3180611065 00152
190408 1405 2 3180611065 00152
190408 1405 1 3214017429 00180
190408 1406 2 3214017429 00180
190408 1408 2 3145526534 00199
190408 1412 1 3145645846 00198
190408 1412 2 3145645846 00198
190408 1412 1 2742353514 00192
190408 1413 2 2742353514 00192
190408 1419 4 3214505957 00202
190408 1420 1 6237865324 00032
190408 1420 2 6237865324 00032
190408 1421 4 2742354762 00047
190408 1421 1 2394843026 00210
190408 1421 2 2394843026 00210
190408 1426 2 3214223381 00188
190408 1430 1 3145526534 00199
190408 1430 2 3145526534 00199
190408 1432 4 3214505957 00202
190408 1446 1 3466733797 00190
190408 1446 2 3466748197 00150
190408 1448 1 3214017429 00180
190408 1449 2 3214017429 00180
190408 1454 1 2393511778 00205
190408 1455 4 0024646619 00169
190408 1455 2 2393511778 00205
190408 1456 4 0024646619 00169
190408 1457 1 2742353514 00192
190408 1458 2 2742353514 00192
190408 1503 1 2394843026 00210
190408 1503 2 2394843026 00210
190408 1505 1 2742353498 00146
190408 1505 2 2742353498 00146
190408 1509 1 3408463525 00184
190408 1510 2 3408463525 00184
190408 1516 1 3213553141 00195
190408 1516 2 3213553141 00195
190408 1516 1 3466658213 00186
190408 1516 2 3466658213 00186
190408 1522 2 3214223381 00188
190408 1526 2 0353805386 00904
190408 1527 2 3690229446 00183
190408 1528 2 2742353514 00192
190408 1530 4 6237865324 00032
190408 1530 2 2732830658 00207
190408 1532 2 2742353498 00146
190408 1533 2 3214017429 00180
190408 1537 2 4435111614 00164
190408 1538 4 3595204294 00193
190408 1538 1 3690229446 00183
190408 1538 2 3690229446 00183
190408 1539 4 0674051067 00004
190408 1544 4 5714746026 00201
190408 1543 1 3465808053 00177
190408 1544 2 3465808053 00177
190408 1545 1 0674051067 00004
190408 1546 2 3180611065 00152
190408 1547 1 1484663634 00166
190408 1547 2 1484663634 00166
190408 1548 4 2742354762 00047
190408 1549 1 6237865324 00032
190408 1550 2 6237865324 00032
190408 1550 1 1484663634 00166
190408 1551 2 1484663634 00166
190408 1553 1 0353805386 00904
190408 1553 1 3145645846 00198
190408 1554 2 0353805386 00904
190408 1554 2 3145645846 00198
190408 1554 1 2394843026 00210
190408 1554 2 2394843026 00210
190408 1554 2 1484663634 00166
190408 1557 4 0674051067 00004
190408 1600 4 3214505957 00202
190408 1603 1 2393511778 00205
190408 1604 2 2393511778 00205
190408 1609 1 2742353514 00192
190408 1610 2 2742353514 00192
190408 1618 1 1166545250 00208
190408 1619 2 1166545250 00208
190408 1619 1 3690229446 00183
190408 1620 2 3690229446 00183
190408 1635 4 3214505957 00202
190408 1640 1 3214017429 00180
190408 1641 2 3214017429 00180
190408 1642 1 3408463525 00184
190408 1642 4 0024646619 00169
190408 1642 2 3408463525 00184
190408 1647 1 3213553141 00195
190408 1649 1 3145526534 00199
190408 1650 2 3180611065 00152
190408 1657 2 3465808053 00177
190408 1658 1 3391149413 00181
190408 1658 2 3180300217 00153
190408 1658 1 3145645846 00198
190408 1659 2 3145645846 00198
190408 1701 1 3214017429 00180
190408 1701 2 4435111614 00164
190408 1709 1 3145526534 00199
190408 1709 2 3145526534 00199
190408 1712 4 3595204294 00193
190408 1723 1 3145526534 00199
190408 1723 2 3145526534 00199
190408 1728 1 4285846892 00200
190408 1728 2 4285846892 00200
190408 1730 4 3214505957 00202
190408 1731 1 3466748197 00150
190408 1731 2 3466748197 00150
190408 1733 1 3466658213 00186
190408 1733 2 3466658213 00186
190408 1734 1 6237865324 00032
190408 1734 2 6237865324 00032
190408 1738 1 4435111614 00164
190408 1738 2 4435111614 00164
190408 1739 1 2393511778 00205
190408 1740 2 2393511778 00205
190408 1740 1 3214017429 00180
190408 1741 2 3214017429 00180
190408 1745 1 2742353498 00146
190408 1745 2 2742353498 00146
190408 1745 1 2394843026 00210
190408 1746 2 2394843026 00210
190408 1748 1 6355944412 00000
190408 1748 3 4285846892 00200
190408 1749 2 6355944412 00000
190408 1749 4 4285846892 00200
190408 1750 1 2742353514 00192
190408 1750 2 2742353514 00192
190408 1753 1 3145645846 00198
190408 1753 2 3145645846 00198
190408 1753 4 0024646619 00169
190408 1803 4 0024646619 00169
190408 1803 3 0024646619 00169
190408 1803 4 0024646619 00169
190408 1804 1 3145526534 00199
190408 1804 2 3145526534 00199
190408 1805 1 3214223381 00188
190408 1807 1 3214223381 00188
190408 1807 1 3213553141 00195
190408 1808 2 3213553141 00195
190408 1814 1 3213553141 00195
190408 1817 1 3180300217 00153
190408 1817 1 1484663634 00166
190408 1817 2 1484663634 00166
190408 1818 3 4285846892 00200
190408 1818 4 4285846892 00200
190408 1821 3 5714746026 00201
190408 1823 1 3408463525 00184
190408 1824 2 0353805386 00904
190408 1826 1 2742353514 00192
190408 1836 1 2394843026 00210
190408 1838 2 1166545250 00208
190408 1838 1 1166545250 00208
190408 1842 1 3466658213 00186
190408 1842 2 3466658213 00186
190408 1845 4 3214505957 00202
190408 1850 1 3214017429 00180
190408 1850 2 2393511778 00205
190408 1851 1 3180611065 00152
190408 1852 3 4285846892 00200
190408 1852 4 4285846892 00200
190408 1853 3 4285846892 00200
190408 1853 1 3690229446 00183
190408 1853 2 3690229446 00183
190408 1855 1 2393511778 00205
190408 1855 1 6237865324 00032
190408 1856 2 6237865324 00032
190408 1857 1 4435111614 00164
190408 1857 2 4435111614 00164
190408 1857 1 3145645846 00198
190408 1858 2 3145645846 00198
190408 1859 1 3408463525 00184
190408 1900 2 3408463525 00184
190408 1901 1 3408463525 00184
190408 1902 1 3466748197 00150
190408 1902 2 3466748197 00150
190408 1902 1 4435111614 00164
190408 1902 1 3145645846 00198
190408 1902 1 2742353498 00146
190408 1902 1 3466658213 00186
190408 1903 1 3391149413 00181
190408 1903 4 3595204294 00193
190408 1904 1 2732830658 00207
190408 1904 1 3690229446 00183
190408 1904 1 3214017429 00180
190408 1905 3 3595204294 00193
190408 1921 1 3466733797 00190
190408 1921 2 3466733797 00190
190408 1926 4 3214505957 00202
190408 1933 4 3214505957 00202
190408 1935 1 6237865324 00032
190408 1935 2 6237865324 00032
190408 1935 4 3214505957 00202
190408 1938 4 3214505957 00202
190408 1939 1 6237865324 00032
190408 1939 2 6237865324 00032
190408 1942 3 3214505957 00202
190408 1946 1 6238034684 00171
190408 1948 1 3466733797 00190
190408 1948 2 3466733797 00190
190408 1950 1 6238034684 00171
190408 1955 2 6237865324 00032
190408 2028 2 3466733797 00190
190408 2028 1 1484663634 00166
190408 2028 2 1484663634 00166
190408 2134 1 1484663634 00166
