190508 0803 1 6237865324 00032
190508 0804 2 6237865324 00032
190508 0806 2 3214104853 00901
190508 0809 1 6237865324 00032
190508 0809 2 6237865324 00032
190508 0811 2 3214104853 00901
190508 0820 3 0024646619 00169
190508 0820 3 0024646619 00169
190508 0821 3 0024646619 00169
190508 0823 4 0024646619 00169
190508 0830 2 3214104853 00901
190508 0834 1 3214223381 00188
190508 0836 3 5714746026 00201
190508 0837 4 5714746026 00201
190508 0838 3 3214223381 00188
190508 0838 4 3214223381 00188
190508 0839 1 3465808053 00177
190508 0839 2 3465808053 00177
190508 0843 4 5714746026 00201
190508 0847 1 2742353498 00146
190508 0847 2 2742353498 00146
190508 0854 2 2742353498 00146
190508 0857 2 3465808053 00177
190508 0858 1 3690229446 00183
190508 0858 2 2394843026 00210
190508 0900 2 2394843026 00210
190508 0900 4 0024646619 00169
190508 0901 1 3213553141 00195
190508 0901 2 3213553141 00195
190508 0903 2 3213553141 00195
190508 0907 2 2394843026 00210
190508 0908 4 5714746026 00201
190508 0908 2 2732830658 00207
190508 0909 2 6355944412 00000
190508 0911 1 2732830658 00207
190508 0911 2 2732830658 00207
190508 0911 1 2744845370 00079
190508 0911 2 2744845370 00079
190508 0914 1 1166545250 00208
190508 0914 2 1166545250 00208
190508 0917 3 3595204294 00193
190508 0917 4 3595204294 00193
190508 0918 1 2393511778 00205
190508 0918 2 2393511778 00205
190508 0918 1 3180611065 00152
190508 0918 2 3180611065 00152
190508 0919 2 1166545250 00208
190508 0922 3 3214104853 00901
190508 0922 4 3214104853 00901
190508 0924 1 4286217980 00905
190508 0924 2 4286217980 00905
190508 0925 4 3214104853 00901
190508 0926 2 0025842283 00158
190508 0929 1 3466748197 00150
190508 0929 2 3466748197 00150
190508 0930 2 4286217980 00905
190508 0930 3 3214505957 00202
190508 0930 4 3214505957 00202
190508 0932 1 3145645846 00198
190508 0932 2 3145645846 00198
190508 0933 3 4285846892 00200
190508 0933 4 4285846892 00200
190508 0933 1 3391149413 00181
190508 0933 1 3214017429 00180
190508 0934 2 3391149413 00181
190508 0934 3 0024646619 00169
190508 0934 2 2742353498 00146
190508 0934 4 0024646619 00169
190508 0934 3 3214505957 00202
190508 0935 3 4285846892 00200
190508 0935 2 3180611065 00152
190508 0935 4 4285846892 00200
190508 0936 4 0674051067 00004
190508 0938 2 2742353498 00146
190508 0938 2 4286217980 00905
190508 0941 1 3214223381 00188
190508 0941 1 3214104853 00901
190508 0942 2 0674051067 00004
190508 0942 2 3214104853 00901
190508 0942 3 3595204294 00193
190508 0942 4 3595204294 00193
190508 0943 1 3466658213 00186
190508 0944 2 3466658213 00186
190508 0948 4 3595204294 00193
190508 0949 1 3466658213 00186
190508 0949 2 3466658213 00186
190508 0950 2 0674051067 00004
190508 0950 1 3466733797 00190
190508 0951 2 4286217980 00905
190508 0953 2 4286217980 00905
190508 0953 1 6238034684 00171
190508 0953 2 6238034684 00171
190508 0954 1 3180300217 00153
190508 0954 3 2742354762 00047
190508 0954 2 0025842283 00158
190508 0955 4 2742354762 00047
190508 0958 3 2742354762 00047
190508 0958 1 6237865324 00032
190508 0958 4 2742354762 00047
190508 0958 2 6237865324 00032
190508 0958 2 0025842283 00158
190508 0959 1 2393511778 00205
190508 0959 2 2393511778 00205
190508 0959 3 3214104853 00901
190508 1001 4 3214104853 00901
190508 1001 2 3145645846 00198
190508 1002 2 0025842283 00158
190508 1004 2 3213553141 00195
190508 1006 2 1484663634 00166
190508 1006 2 2394843026 00210
190508 1011 1 2732830658 00207
190508 1011 2 2732830658 00207
190508 1011 2 0674051067 00004
190508 1013 2 1484663634 00166
190508 1014 2 3180300217 00153
190508 1016 3 3214505957 00202
190508 1016 4 3214505957 00202
190508 1017 4 3214104853 00901
190508 1017 1 3466748197 00150
190508 1017 2 3213553141 00195
190508 1019 1 4286217980 00905
190508 1019 3 0674051067 00004
190508 1020 4 0674051067 00004
190508 1020 2 4286217980 00905
190508 1031 4 5714746026 00201
190508 1042 3 5714746026 00201
190508 1043 4 5714746026 00201
190508 1050 2 2394843026 00210
190508 1052 2 2393511778 00205
190508 1053 2 3145645846 00198
190508 1053 2 3690229446 00183
190508 1054 2 3214017429 00180
190508 1056 1 3465808053 00177
190508 1056 2 3465808053 00177
190508 1058 1 6237865324 00032
190508 1058 2 6237865324 00032
190508 1104 3 2742354762 00047
190508 1104 4 2742354762 00047
190508 1110 4 0024646619 00169
190508 1112 3 3214505957 00202
190508 1112 4 3214505957 00202
190508 1113 1 6355944412 00000
190508 1119 1 2732830658 00207
190508 1119 2 2732830658 00207
190508 1120 3 0024646619 00169
190508 1120 4 0024646619 00169
190508 1120 1 1166545250 00208
190508 1121 2 1166545250 00208
190508 1128 3 4285846892 00200
190508 1128 4 4285846892 00200
190508 1130 1 2742353498 00146
190508 1130 2 2742353498 00146
190508 1136 2 6237865324 00032
190508 1141 2 0674051067 00004
190508 1147 1 3213553141 00195
190508 1153 1 3466748197 00150
190508 1153 3 0024646619 00169
190508 1153 2 3466748197 00150
190508 1153 4 0024646619 00169
190508 1156 1 3145645846 00198
190508 1156 2 3145645846 00198
190508 1157 1 2732830658 00207
190508 1157 2 3690229446 00183
190508 1157 2 0025842283 00158
190508 1201 2 4286217980 00905
190508 1202 2 0674051067 00004
190508 1203 2 2393511778 00205
190508 1204 2 2742353498 00146
190508 1204 2 3180300217 00153
190508 1205 3 3214505957 00202
190508 1205 4 3214505957 00202
190508 1205 3 4285846892 00200
190508 1206 3 0674051067 00004
190508 1206 4 0674051067 00004
190508 1209 3 3595204294 00193
190508 1209 4 3595204294 00193
190508 1209 2 0674051067 00004
190508 1210 3 1166545250 00208
190508 1210 4 1166545250 00208
190508 1213 2 2394843026 00210
190508 1214 2 3690229446 00183
190508 1214 2 3180300217 00153
190508 1220 2 3180300217 00153
190508 1221 1 3391149413 00181
190508 1221 2 3391149413 00181
190508 1223 4 1166545250 00208
190508 1225 1 6237865324 00032
190508 1226 2 6237865324 00032
190508 1226 3 2742354762 00047
190508 1226 4 2742354762 00047
190508 1228 2 0674051067 00004
190508 1229 2 4286217980 00905
190508 1229 2 0025842283 00158
190508 1232 2 6237865324 00032
190508 1232 2 3180611065 00152
190508 1233 2 0025842283 00158
190508 1234 2 3180611065 00152
190508 1239 2 3690229446 00183
190508 1240 2 0025842283 00158
190508 1243 3 0024646619 00169
190508 1243 4 0024646619 00169
190508 1243 1 2744845370 00079
190508 1244 2 2744845370 00079
190508 1246 3 5714746026 00201
190508 1246 4 5714746026 00201
190508 1249 3 3595204294 00193
190508 1249 4 3595204294 00193
190508 1251 3 5714746026 00201
190508 1252 4 5714746026 00201
190508 1252 4 5714746026 00201
190508 1254 2 2732830658 00207
190508 1258 2 3213553141 00195
190508 1301 2 3466733797 00190
190508 1301 2 3466658213 00186
190508 1303 2 3213553141 00195
190508 1307 2 3466658213 00186
190508 1309 2 3465808053 00177
190508 1311 2 2394843026 00210
190508 1314 2 3466748197 00150
190508 1317 2 2394843026 00210
190508 1321 2 2742353498 00146
190508 1322 2 3180611065 00152
190508 1324 1 6355944412 00000
190508 1324 2 6355944412 00000
190508 1325 1 3391149413 00181
190508 1325 2 0674051067 00004
190508 1328 1 0025842283 00158
190508 1328 2 0025842283 00158
190508 1328 3 3214505957 00202
190508 1328 4 3214505957 00202
190508 1329 3 0674051067 00004
190508 1329 4 0674051067 00004
190508 1330 1 2742353498 00146
190508 1330 2 2742353498 00146
190508 1330 1 2394843026 00210
190508 1330 2 2394843026 00210
190508 1332 1 0674051067 00004
190508 1332 2 0674051067 00004
190508 1332 2 0674051067 00004
190508 1333 1 1166545250 00208
190508 1334 1 1484663634 00166
190508 1334 2 1484663634 00166
190508 1335 3 0674051067 00004
190508 1335 4 0674051067 00004
190508 1336 1 3466748197 00150
190508 1336 2 3466748197 00150
190508 1337 2 0674051067 00004
190508 1338 2 6238034684 00171
190508 1338 2 3145645846 00198
190508 1338 3 0024646619 00169
190508 1339 4 0024646619 00169
190508 1342 2 3214017429 00180
190508 1343 1 2742353514 00192
190508 1343 2 2742353514 00192
190508 1343 2 3180611065 00152
190508 1349 3 0674051067 00004
190508 1349 4 0674051067 00004
190508 1358 2 0674051067 00004
190508 1358 3 2393511778 00205
190508 1358 4 2393511778 00205
190508 1359 3 3595204294 00193
190508 1359 4 3595204294 00193
190508 1401 2 2393511778 00205
190508 1402 3 0674051067 00004
190508 1402 2 3466733797 00190
190508 1402 4 0674051067 00004
190508 1408 3 2742354762 00047
190508 1408 4 2742354762 00047
190508 1423 2 2394843026 00210
190508 1425 2 4286217980 00905
190508 1428 1 6237865324 00032
190508 1428 2 6237865324 00032
190508 1431 1 2732830658 00207
190508 1431 2 2732830658 00207
190508 1440 3 3214505957 00202
190508 1440 4 3214505957 00202
190508 1440 1 0025842283 00158
190508 1440 2 0025842283 00158
190508 1442 3 5714746026 00201
190508 1443 4 5714746026 00201
190508 1444 1 3466748197 00150
190508 1445 2 3466748197 00150
190508 1446 1 6355944412 00000
190508 1447 2 6355944412 00000
190508 1450 1 3145645846 00198
190508 1451 3 0024646619 00169
190508 1451 4 0024646619 00169
190508 1452 1 3214017429 00180
190508 1452 2 3214017429 00180
190508 1457 1 0674051067 00004
190508 1458 2 0674051067 00004
190508 1502 1 2393511778 00205
190508 1502 2 2393511778 00205
190508 1505 3 3595204294 00193
190508 1505 4 3595204294 00193
190508 1505 1 2744845370 00079
190508 1506 2 2744845370 00079
190508 1507 1 3690229446 00183
190508 1507 2 3690229446 00183
190508 1510 1 2394843026 00210
190508 1510 2 2394843026 00210
190508 1512 2 3213553141 00195
190508 1520 3 2742354762 00047
190508 1520 4 2742354762 00047
190508 1531 1 6237865324 00032
190508 1531 2 6237865324 00032
190508 1531 1 1166545250 00208
190508 1531 2 1166545250 00208
190508 1535 3 0674051067 00004
190508 1535 4 0674051067 00004
190508 1539 3 2742353514 00192
190508 1540 4 2742353514 00192
190508 1544 1 2742353514 00192
190508 1544 2 2742353514 00192
190508 1547 3 3214505957 00202
190508 1547 4 3214505957 00202
190508 1555 1 2742353514 00192
190508 1555 2 2742353514 00192
190508 1558 2 3213553141 00195
190508 1558 1 2732830658 00207
190508 1558 2 2732830658 00207
190508 1559 1 2742353498 00146
190508 1600 2 2742353498 00146
190508 1600 3 0024646619 00169
190508 1600 4 0024646619 00169
190508 1603 3 2742353514 00192
190508 1603 1 1484663634 00166
190508 1604 2 1484663634 00166
190508 1617 1 2742353514 00192
190508 1618 2 2742353514 00192
190508 1619 3 0674051067 00004
190508 1619 4 0674051067 00004
190508 1620 1 3466658213 00186
190508 1620 2 3466658213 00186
190508 1623 2 1484663634 00166
190508 1624 2 1484663634 00166
190508 1625 1 2744845370 00079
190508 1625 2 2744845370 00079
190508 1635 1 3213553141 00195
190508 1641 1 3145645846 00198
190508 1641 2 3145645846 00198
190508 1643 1 3180300217 00153
190508 1644 2 3180300217 00153
190508 1644 2 3465808053 00177
190508 1646 1 2393511778 00205
190508 1646 2 2393511778 00205
190508 1647 3 0674051067 00004
190508 1647 2 3466748197 00150
190508 1647 4 0674051067 00004
190508 1648 2 2742353514 00192
190508 1658 2 6237865324 00032
190508 1701 3 0024646619 00169
190508 1701 4 0024646619 00169
190508 1702 2 3690229446 00183
190508 1712 2 3180611065 00152
190508 1712 2 1166545250 00208
190508 1727 2 0025842283 00158
190508 1731 2 6355944412 00000
190508 1731 3 5714746026 00201
190508 1731 4 5714746026 00201
190508 1732 2 3690229446 00183
190508 1738 2 3213553141 00195
190508 1742 2 2742353514 00192
190508 1749 3 3214505957 00202
190508 1749 2 1484663634 00166
190508 1751 2 0674051067 00004
190508 1752 1 2393511778 00205
190508 1752 2 2393511778 00205
190508 1753 2 3213553141 00195
190508 1753 3 0024646619 00169
190508 1758 1 2744845370 00079
190508 1758 2 2744845370 00079
190508 1800 1 2732830658 00207
190508 1800 2 2732830658 00207
190508 1801 3 0024646619 00169
190508 1801 1 3145645846 00198
190508 1801 2 3145645846 00198
190508 1801 3 0024646619 00169
190508 1801 1 2394843026 00210
190508 1801 2 2394843026 00210
190508 1802 3 0024646619 00169
190508 1803 3 5714746026 00201
190508 1803 3 5714746026 00201
190508 1804 1 2744845370 00079
190508 1804 2 2744845370 00079
190508 1805 1 4286217980 00905
190508 1805 2 4286217980 00905
190508 1807 2 3214017429 00180
190508 1808 3 0674051067 00004
190508 1809 1 4286217980 00905
190508 1809 2 3180300217 00153
190508 1811 1 2742353514 00192
190508 1811 2 2742353514 00192
190508 1819 1 2742353514 00192
190508 1820 1 2742353514 00192
190508 1824 1 3213553141 00195
190508 1826 1 6237865324 00032
190508 1826 2 6237865324 00032
190508 1829 2 1166545250 00208
190508 1831 1 3213553141 00195
190508 1834 1 1166545250 00208
190508 1834 1 2393511778 00205
190508 1835 2 2393511778 00205
190508 1841 3 3595204294 00193
190508 1845 1 3466658213 00186
190508 1845 2 3466658213 00186
190508 1847 3 3595204294 00193
190508 1847 2 2742353498 00146
190508 1848 3 3214505957 00202
190508 1848 2 3466658213 00186
190508 1853 1 2744845370 00079
190508 1853 1 3180611065 00152
190508 1853 2 2744845370 00079
190508 1853 1 3214017429 00180
190508 1853 2 3214017429 00180
190508 1854 1 3690229446 00183
190508 1855 2 2742353498 00146
190508 1856 2 3145645846 00198
190508 1857 2 2394843026 00210
190508 1857 1 2742353498 00146
190508 1857 1 3214017429 00180
190508 1858 1 2732830658 00207
190508 1858 1 2393511778 00205
190508 1858 1 3466658213 00186
190508 1858 1 3145645846 00198
190508 1901 2 3466748197 00150
190508 1904 1 3466748197 00150
190508 1925 1 0025842283 00158
190508 1931 1 6238034684 00171
190508 1940 3 3214505957 00202
190508 1947 1 3180300217 00153
190508 1947 2 3180300217 00153
190508 1947 1 3465808053 00177
190508 1947 2 3465808053 00177
190508 1949 2 2394843026 00210
190508 1949 1 2394843026 00210
190508 1950 1 3391149413 00181
190508 2004 1 2744845370 00079
190508 2046 1 6237865324 00032
