190513 0745 1 6237865324 00032
190513 0745 2 6237865324 00032
190513 0752 1 6237865324 00032
190513 0752 2 6237865324 00032
190513 0806 2 6237865324 00032
190513 0826 3 0024646619 00169
190513 0827 3 0024646619 00169
190513 0828 4 0024646619 00169
190513 0835 3 0024646619 00169
190513 0836 4 0024646619 00169
190513 0837 1 3214223381 00188
190513 0839 1 2742353498 00146
190513 0839 2 2742353498 00146
190513 0844 1 2394843026 00210
190513 0844 2 2394843026 00210
190513 0845 1 3214223381 00188
190513 0847 2 3214223381 00188
190513 0852 1 3465808053 00177
190513 0852 2 3465808053 00177
190513 0856 1 2394843026 00210
190513 0857 2 2394843026 00210
190513 0902 1 2732830658 00207
190513 0902 2 2732830658 00207
190513 0904 1 2393511778 00205
190513 0904 2 2393511778 00205
190513 0907 1 3690229446 00183
190513 0908 2 3690229446 00183
190513 0909 1 2742353514 00192
190513 0909 2 2742353514 00192
190513 0913 2 2732830658 00207
190513 0916 2 2742353498 00146
190513 0917 2 2742353514 00192
190513 0917 2 2742353514 00192
190513 0919 2 3690229446 00183
190513 0920 2 3465808053 00177
190513 0922 1 2744845370 00079
190513 0922 1 0025842283 00158
190513 0922 1 1166545250 00208
190513 0922 2 2744845370 00079
190513 0923 2 1166545250 00208
190513 0927 2 1166545250 00208
190513 0928 1 3180611065 00152
190513 0928 2 3180611065 00152
190513 0928 1 3466748197 00150
190513 0928 1 3214017429 00180
190513 0929 2 3466748197 00150
190513 0929 2 0025842283 00158
190513 0930 1 3145645846 00198
190513 0931 2 3145645846 00198
190513 0931 3 0024646619 00169
190513 0931 4 0024646619 00169
190513 0933 2 2393511778 00205
190513 0936 3 3214505957 00202
190513 0936 4 3214505957 00202
190513 0936 2 3690229446 00183
190513 0937 3 0674051067 00004
190513 0937 4 0674051067 00004
190513 0937 2 1484663634 00166
190513 0938 2 3214017429 00180
190513 0938 1 3391149413 00181
190513 0938 2 3391149413 00181
190513 0942 2 1166545250 00208
190513 0942 1 6238034684 00171
190513 0942 1 4435111614 00164
190513 0942 1 4435111614 00164
190513 0943 2 6238034684 00171
190513 0943 2 3690229446 00183
190513 0943 3 3214505957 00202
190513 0943 4 3214505957 00202
190513 0943 1 3466658213 00186
190513 0943 2 3466658213 00186
190513 0948 3 2742354762 00047
190513 0948 4 2742354762 00047
190513 0950 1 0674051067 00004
190513 0951 2 0674051067 00004
190513 0951 3 2742354762 00047
190513 0951 4 2742354762 00047
190513 0953 1 3466658213 00186
190513 0953 2 3466658213 00186
190513 0955 1 0025842283 00158
190513 0955 2 0025842283 00158
190513 0958 3 0674051067 00004
190513 0959 4 0674051067 00004
190513 1004 1 3180300217 00153
190513 1004 2 3180300217 00153
190513 1013 1 2744845370 00079
190513 1013 2 2744845370 00079
190513 1014 3 3214505957 00202
190513 1014 4 3214505957 00202
190513 1023 1 4286217980 00905
190513 1023 2 4286217980 00905
190513 1024 1 3690229446 00183
190513 1024 2 3690229446 00183
190513 1024 1 3214017429 00180
190513 1025 2 0674051067 00004
190513 1027 2 2732830658 00207
190513 1028 2 3180300217 00153
190513 1028 1 3214017429 00180
190513 1028 2 3214017429 00180
190513 1029 1 2742353514 00192
190513 1030 2 2742353514 00192
190513 1031 2 2742353514 00192
190513 1032 2 1484663634 00166
190513 1034 2 4286217980 00905
190513 1034 2 3145645846 00198
190513 1036 2 2742353498 00146
190513 1037 2 3466658213 00186
190513 1046 2 3145645846 00198
190513 1048 2 2393511778 00205
190513 1049 2 2394843026 00210
190513 1052 2 3214017429 00180
190513 1053 3 5714746026 00201
190513 1053 4 5714746026 00201
190513 1055 3 0674051067 00004
190513 1055 4 0674051067 00004
190513 1059 2 3466748197 00150
190513 1103 2 2742353514 00192
190513 1110 2 2744845370 00079
190513 1113 2 3690229446 00183
190513 1119 2 1166545250 00208
190513 1126 2 6238034684 00171
190513 1126 2 3145645846 00198
190513 1128 3 2742354762 00047
190513 1128 4 2742354762 00047
190513 1129 2 2393511778 00205
190513 1130 2 5714746026 00201
190513 1133 3 5714746026 00201
190513 1133 4 5714746026 00201
190513 1137 4 5714746026 00201
190513 1145 2 3214017429 00180
190513 1147 2 2742353514 00192
190513 1148 2 3465808053 00177
190513 1150 3 5713740026 00175
190513 1150 4 5713740026 00175
190513 1202 2 2393511778 00205
190513 1207 2 2732830658 00207
190513 1213 3 0024646619 00169
190513 1213 4 0024646619 00169
190513 1214 2 3180300217 00153
190513 1216 2 1484663634 00166
190513 1217 2 3180611065 00152
190513 1218 1 2742353514 00192
190513 1218 1 3690229446 00183
190513 1218 2 2742353514 00192
190513 1219 2 3690229446 00183
190513 1223 2 3465808053 00177
190513 1223 2 4286217980 00905
190513 1225 3 2742354762 00047
190513 1226 1 3180300217 00153
190513 1226 2 3214505957 00202
190513 1226 1 0025842283 00158
190513 1228 1 5713740026 00175
190513 1228 2 5713740026 00175
190513 1229 2 3180611065 00152
190513 1229 1 6237865324 00032
190513 1229 2 6237865324 00032
190513 1230 2 2394843026 00210
190513 1231 3 5714746026 00201
190513 1231 4 5714746026 00201
190513 1232 1 2393511778 00205
190513 1232 2 2393511778 00205
190513 1233 2 2394843026 00210
190513 1234 2 4435111614 00164
190513 1234 1 2742353514 00192
190513 1234 2 2742353514 00192
190513 1236 3 3214505957 00202
190513 1236 4 3214505957 00202
190513 1241 2 0353805386 00904
190513 1244 2 3690229446 00183
190513 1248 2 2394843026 00210
190513 1250 2 3690229446 00183
190513 1251 2 0674051067 00004
190513 1252 2 3180611065 00152
190513 1257 2 3391149413 00181
190513 1258 3 1166545250 00208
190513 1258 4 1166545250 00208
190513 1259 2 1484663634 00166
190513 1300 2 4435111614 00164
190513 1301 3 0674051067 00004
190513 1302 4 0674051067 00004
190513 1304 2 2744845370 00079
190513 1304 2 0025842283 00158
190513 1305 2 3214017429 00180
190513 1306 2 3466658213 00186
190513 1306 2 4286217980 00905
190513 1307 2 6238034684 00171
190513 1310 2 2732830658 00207
190513 1314 2 3180300217 00153
190513 1317 2 3214017429 00180
190513 1322 2 3145645846 00198
190513 1324 2 2742353514 00192
190513 1324 2 2742353498 00146
190513 1327 2 2742353514 00192
190513 1329 2 3466748197 00150
190513 1329 2 2742353498 00146
190513 1330 2 3214223381 00188
190513 1331 2 0025842283 00158
190513 1332 2 1166545250 00208
190513 1334 3 5713740026 00175
190513 1334 4 5713740026 00175
190513 1334 2 3465808053 00177
190513 1335 2 3180300217 00153
190513 1336 3 3595204294 00193
190513 1337 4 3595204294 00193
190513 1337 1 3690229446 00183
190513 1337 2 2732830658 00207
190513 1338 2 0024646619 00169
190513 1339 1 2742353514 00192
190513 1341 2 4435111614 00164
190513 1344 2 2732830658 00207
190513 1345 3 0024646619 00169
190513 1345 4 0024646619 00169
190513 1346 2 4435111614 00164
190513 1346 3 3214505957 00202
190513 1346 4 3214505957 00202
190513 1346 1 1484663634 00166
190513 1346 2 1484663634 00166
190513 1348 3 3595204294 00193
190513 1348 4 3595204294 00193
190513 1349 1 3214505957 00202
190513 1349 2 3214505957 00202
190513 1409 2 3466658213 00186
190513 1410 1 6237865324 00032
190513 1410 2 6237865324 00032
190513 1413 2 3465808053 00177
190513 1417 1 2394843026 00210
190513 1417 3 2742354762 00047
190513 1418 2 2394843026 00210
190513 1418 4 2742354762 00047
190513 1421 1 3214017429 00180
190513 1421 2 3214017429 00180
190513 1423 3 3595204294 00193
190513 1423 4 3595204294 00193
190513 1427 1 2744845370 00079
190513 1427 2 2744845370 00079
190513 1433 1 0674051067 00004
190513 1433 2 3214223381 00188
190513 1434 2 1484663634 00166
190513 1434 3 3214505957 00202
190513 1434 4 3214505957 00202
190513 1437 3 0674051067 00004
190513 1438 4 0674051067 00004
190513 1438 1 1484663634 00166
190513 1438 2 1484663634 00166
190513 1441 1 1484663634 00166
190513 1441 2 1484663634 00166
190513 1442 1 4286217980 00905
190513 1442 2 4286217980 00905
190513 1443 3 0024646619 00169
190513 1444 4 0024646619 00169
190513 1444 3 3214505957 00202
190513 1445 4 3214505957 00202
190513 1446 1 3145645846 00198
190513 1446 2 3145645846 00198
190513 1453 1 4435111614 00164
190513 1453 2 4435111614 00164
190513 1501 2 3180300217 00153
190513 1501 2 6238034684 00171
190513 1502 1 3465808053 00177
190513 1503 2 3465808053 00177
190513 1504 2 3180611065 00152
190513 1509 3 5713740026 00175
190513 1509 4 5713740026 00175
190513 1515 1 4286217980 00905
190513 1515 2 4286217980 00905
190513 1528 1 3145645846 00198
190513 1528 2 3145645846 00198
190513 1536 1 6237865324 00032
190513 1536 2 6237865324 00032
190513 1544 1 3466658213 00186
190513 1544 2 0025842283 00158
190513 1544 2 3466658213 00186
190513 1546 2 0025842283 00158
190513 1546 2 2393511778 00205
190513 1550 1 4286217980 00905
190513 1557 2 3214223381 00188
190513 1559 1 2394843026 00210
190513 1559 2 2394843026 00210
190513 1611 3 2742354762 00047
190513 1611 4 2742354762 00047
190513 1613 3 5714746026 00201
190513 1613 4 5714746026 00201
190513 1613 3 3214505957 00202
190513 1614 4 3214505957 00202
190513 1616 1 5714746026 00201
190513 1618 2 3214017429 00180
190513 1618 3 2393511778 00205
190513 1618 2 4286217980 00905
190513 1618 4 2393511778 00205
190513 1620 2 2393511778 00205
190513 1621 2 1484663634 00166
190513 1624 2 3690229446 00183
190513 1625 3 4286217980 00905
190513 1625 4 4286217980 00905
190513 1627 3 4286217980 00905
190513 1627 4 4286217980 00905
190513 1627 2 3690229446 00183
190513 1628 2 3180300217 00153
190513 1631 2 4286217980 00905
190513 1632 2 3214223381 00188
190513 1639 3 0024646619 00169
190513 1639 1 6237865324 00032
190513 1639 4 0024646619 00169
190513 1639 2 6237865324 00032
190513 1646 1 1166545250 00208
190513 1646 2 1166545250 00208
190513 1647 1 3391149413 00181
190513 1647 2 3391149413 00181
190513 1649 2 0353805386 00904
190513 1650 1 2394843026 00210
190513 1650 2 2394843026 00210
190513 1652 1 0353805386 00904
190513 1652 2 0353805386 00904
190513 1653 1 3214223381 00188
190513 1655 1 3145645846 00198
190513 1655 2 3145645846 00198
190513 1658 2 3465808053 00177
190513 1704 2 3180611065 00152
190513 1704 2 4286217980 00905
190513 1705 2 4286217980 00905
190513 1706 2 4435111614 00164
190513 1711 1 4286217980 00905
190513 1716 1 2393511778 00205
190513 1716 2 2393511778 00205
190513 1720 1 3214017429 00180
190513 1720 2 3214017429 00180
190513 1726 2 3180300217 00153
190513 1726 2 2744845370 00079
190513 1728 1 2744845370 00079
190513 1728 2 2744845370 00079
190513 1728 1 0353805386 00904
190513 1728 2 0353805386 00904
190513 1732 1 3466748197 00150
190513 1732 2 3466748197 00150
190513 1732 3 3595204294 00193
190513 1733 4 3595204294 00193
190513 1733 1 3180300217 00153
190513 1733 2 3180300217 00153
190513 1740 3 3214505957 00202
190513 1740 4 3214505957 00202
190513 1741 1 3690229446 00183
190513 1741 2 3214017429 00180
190513 1742 1 2394843026 00210
190513 1743 2 2394843026 00210
190513 1747 1 1484663634 00166
190513 1748 2 1484663634 00166
190513 1748 2 1484663634 00166
190513 1748 2 1484663634 00166
190513 1750 3 2393511778 00205
190513 1750 4 2393511778 00205
190513 1752 1 2393511778 00205
190513 1752 2 2393511778 00205
190513 1757 2 3465808053 00177
190513 1800 3 0024646619 00169
190513 1800 4 0024646619 00169
190513 1802 3 0024646619 00169
190513 1804 1 3214223381 00188
190513 1805 1 3214223381 00188
190513 1805 2 3180611065 00152
190513 1806 1 3214223381 00188
190513 1806 1 3214223381 00188
190513 1811 3 5713740026 00175
190513 1812 4 5713740026 00175
190513 1812 3 3214505957 00202
190513 1812 4 3214505957 00202
190513 1820 1 3145645846 00198
190513 1820 2 3145645846 00198
190513 1823 1 0025842283 00158
190513 1825 2 3180611065 00152
190513 1825 2 3214017429 00180
190513 1826 2 3465808053 00177
190513 1827 1 3180611065 00152
190513 1828 2 3180611065 00152
190513 1828 3 0674051067 00004
190513 1829 4 0674051067 00004
190513 1829 1 3180300217 00153
190513 1829 1 2732830658 00207
190513 1829 2 2732830658 00207
190513 1832 2 3214017429 00180
190513 1834 1 0674051067 00004
190513 1834 2 4286217980 00905
190513 1837 1 4286217980 00905
190513 1838 2 4286217980 00905
190513 1838 1 1166545250 00208
190513 1838 2 1166545250 00208
190513 1840 1 1166545250 00208
190513 1841 2 1484663634 00166
190513 1842 2 3466658213 00186
190513 1843 2 3466748197 00150
190513 1844 2 2744845370 00079
190513 1845 3 0674051067 00004
190513 1845 2 2393511778 00205
190513 1845 4 0674051067 00004
190513 1847 2 0353805386 00904
190513 1852 2 2742353498 00146
190513 1856 2 6237865324 00032
190513 1857 1 3690229446 00183
190513 1857 1 2393511778 00205
190513 1857 1 2732830658 00207
190513 1858 1 3180611065 00152
190513 1900 2 6237865324 00032
190513 1901 2 4435111614 00164
190513 1902 1 3214017429 00180
190513 1902 1 2742353498 00146
190513 1902 1 3145645846 00198
190513 1902 2 0025842283 00158
190513 1902 1 3466658213 00186
190513 1902 1 3214017429 00180
190513 1903 2 2394843026 00210
190513 1904 3 3214505957 00202
190513 1905 1 4435111614 00164
190513 1906 3 3214505957 00202
190513 1907 1 3466748197 00150
190513 1908 3 3595204294 00193
190513 1909 3 3595204294 00193
190513 1914 1 0025842283 00158
190513 1917 3 3214505957 00202
190513 1925 1 2744845370 00079
190513 1926 1 3465808053 00177
190513 1933 1 6238034684 00171
190513 1933 1 3391149413 00181
190513 2009 1 2394843026 00210
190513 2017 1 6237865324 00032
