190306 0800 1 6237865324 00032
190306 0802 2 6237865324 00032
190306 0805 2 6237865324 00032
190306 0811 2 3214104853 00901
190306 0820 3 0024646619 00169
190306 0820 3 0024646619 00169
190306 0823 3 5714746026 00201
190306 0823 4 5714746026 00201
190306 0823 4 0024646619 00169
190306 0829 4 0024646619 00169
190306 0849 2 3214104853 00901
190306 0853 1 3466748197 00150
190306 0854 2 3466748197 00150
190306 0856 2 0674051067 00004
190306 0858 2 3214104853 00901
190306 0859 4 0674051067 00004
190306 0900 1 3180300217 00153
190306 0900 2 3180300217 00153
190306 0901 1 3214223381 00188
190306 0902 2 3214223381 00188
190306 0902 1 3690229446 00183
190306 0902 2 3690229446 00183
190306 0905 2 3466748197 00150
190306 0906 2 3466748197 00150
190306 0906 2 3180300217 00153
190306 0910 2 3690229446 00183
190306 0912 2 3690229446 00183
190306 0913 2 3466748197 00150
190306 0914 1 2393511778 00205
190306 0914 2 2393511778 00205
190306 0918 1 2742353498 00146
190306 0918 2 2742353498 00146
190306 0919 2 2393511778 00205
190306 0920 1 2744845370 00079
190306 0920 2 2744845370 00079
190306 0921 1 3213553141 00195
190306 0921 2 3213553141 00195
190306 0924 2 2744845370 00079
190306 0924 2 0025842283 00158
190306 0925 2 3213553141 00195
190306 0926 1 3180611065 00152
190306 0926 2 3180611065 00152
190306 0926 2 3214223381 00188
190306 0927 4 0024646619 00169
190306 0928 3 3214104853 00901
190306 0928 4 3214104853 00901
190306 0929 1 3465808053 00177
190306 0929 1 2742353514 00192
190306 0929 2 2742353514 00192
190306 0930 2 3180611065 00152
190306 0930 2 6237865324 00032
190306 0930 3 3595204294 00193
190306 0930 4 3595204294 00193
190306 0931 3 3214505957 00202
190306 0931 4 3214505957 00202
190306 0932 4 3214104853 00901
190306 0935 1 3145645846 00198
190306 0935 1 3214017429 00180
190306 0935 2 3145645846 00198
190306 0935 2 3465808053 00177
190306 0936 2 3214017429 00180
190306 0937 2 0025842283 00158
190306 0938 2 0674051067 00004
190306 0938 4 3595204294 00193
190306 0939 2 2742353498 00146
190306 0939 4 2742354762 00047
190306 0940 2 3214223381 00188
190306 0942 2 3214223381 00188
190306 0943 1 3690229446 00183
190306 0943 2 3214017429 00180
190306 0944 1 3595839158 00194
190306 0944 2 3595839158 00194
190306 0945 1 3391149413 00181
190306 0945 1 6238034684 00171
190306 0945 2 3391149413 00181
190306 0947 2 3214223381 00188
190306 0949 4 3214104853 00901
190306 0950 1 3180300217 00153
190306 0950 2 3180300217 00153
190306 0950 1 3214223381 00188
190306 0951 2 3214223381 00188
190306 0952 2 3465808053 00177
190306 0952 4 2742354762 00047
190306 0952 1 3214223381 00188
190306 0953 1 3466658213 00186
190306 0953 2 3466658213 00186
190306 0955 1 3466733797 00190
190306 0955 2 3466733797 00190
190306 0956 2 2742353514 00192
190306 0957 2 6237865324 00032
190306 0959 4 0024646619 00169
190306 1001 2 6237865324 00032
190306 1003 1 3408463525 00184
190306 1003 2 3408463525 00184
190306 1006 4 3214505957 00202
190306 1007 2 3214223381 00188
190306 1011 4 3214505957 00202
190306 1015 2 3466658213 00186
190306 1020 2 3690229446 00183
190306 1020 4 0674051067 00004
190306 1023 2 3145645846 00198
190306 1025 2 3595839158 00194
190306 1034 4 3595204294 00193
190306 1035 4 3595204294 00193
190306 1042 2 3595204294 00193
190306 1046 4 3595204294 00193
190306 1046 2 3214017429 00180
190306 1048 2 2744845370 00079
190306 1050 2 3145645846 00198
190306 1056 2 4286217980 00905
190306 1102 4 3214505957 00202
190306 1103 1 3214223381 00188
190306 1103 2 3214223381 00188
190306 1108 4 3214505957 00202
190306 1110 1 2742353498 00146
190306 1110 2 2742353498 00146
190306 1112 2 6237865324 00032
190306 1113 2 0674051067 00004
190306 1114 2 2742353514 00192
190306 1114 2 3214223381 00188
190306 1117 2 3466748197 00150
190306 1117 2 2742353514 00192
190306 1118 2 3466748197 00150
190306 1118 2 6237865324 00032
190306 1120 4 0024646619 00169
190306 1122 2 3391149413 00181
190306 1124 2 0674051067 00004
190306 1124 2 3180611065 00152
190306 1127 2 4286217980 00905
190306 1128 4 0674051067 00004
190306 1131 2 3466658213 00186
190306 1133 2 3145645846 00198
190306 1133 2 2393511778 00205
190306 1134 4 3214505957 00202
190306 1134 2 2742353514 00192
190306 1135 2 3214223381 00188
190306 1136 4 2742354762 00047
190306 1139 2 3595839158 00194
190306 1143 2 6237865324 00032
190306 1149 2 3214017429 00180
190306 1149 2 3595839158 00194
190306 1150 2 0674051067 00004
190306 1154 4 0674051067 00004
190306 1156 2 3408463525 00184
190306 1158 4 0024646619 00169
190306 1201 4 3595204294 00193
190306 1203 4 0024646619 00169
190306 1206 2 2742353514 00192
190306 1208 2 3145645846 00198
190306 1210 2 2742353514 00192
190306 1211 4 3214505957 00202
190306 1212 2 3690229446 00183
190306 1213 2 3408463525 00184
190306 1224 2 3214223381 00188
190306 1226 4 3595204294 00193
190306 1231 2 3408463525 00184
190306 1234 2 3690229446 00183
190306 1235 2 3690229446 00183
190306 1237 2 3213553141 00195
190306 1243 4 0024646619 00169
190306 1244 4 2742354762 00047
190306 1245 2 3466733797 00190
190306 1246 2 3690229446 00183
190306 1246 4 0674051067 00004
190306 1247 2 3145645846 00198
190306 1248 2 2742353498 00146
190306 1249 2 3391149413 00181
190306 1251 1 3213553141 00195
190306 1251 2 3213553141 00195
190306 1253 1 3465808053 00177
190306 1253 2 3180611065 00152
190306 1255 1 3213553141 00195
190306 1255 2 3213553141 00195
190306 1300 2 3465808053 00177
190306 1303 1 2742353498 00146
190306 1303 2 2742353498 00146
190306 1305 4 3595204294 00193
190306 1310 4 3214505957 00202
190306 1310 1 2742353498 00146
190306 1310 2 2742353498 00146
190306 1311 4 0024646619 00169
190306 1314 1 2393511778 00205
190306 1314 2 3690229446 00183
190306 1314 2 3145645846 00198
190306 1316 2 3466658213 00186
190306 1317 1 2393511778 00205
190306 1317 2 2393511778 00205
190306 1321 2 3214223381 00188
190306 1323 1 3214017429 00180
190306 1324 2 3214017429 00180
190306 1325 1 3214223381 00188
190306 1330 2 3214223381 00188
190306 1330 1 2744845370 00079
190306 1331 2 2744845370 00079
190306 1332 1 3408463525 00184
190306 1332 2 3408463525 00184
190306 1332 1 6238034684 00171
190306 1333 2 6238034684 00171
190306 1334 1 0025842283 00158
190306 1334 2 0025842283 00158
190306 1334 2 3180300217 00153
190306 1334 2 3145645846 00198
190306 1336 4 3214223381 00188
190306 1338 2 3213553141 00195
190306 1339 2 0025842283 00158
190306 1340 2 3595839158 00194
190306 1342 4 2742354762 00047
190306 1343 2 3408463525 00184
190306 1344 2 3180300217 00153
190306 1345 1 0674051067 00004
190306 1345 2 0674051067 00004
190306 1346 2 0674051067 00004
190306 1350 2 3214223381 00188
190306 1354 2 3145645846 00198
190306 1355 1 0674051067 00004
190306 1357 1 3466658213 00186
190306 1358 2 3466658213 00186
190306 1403 2 3466733797 00190
190306 1403 2 3214223381 00188
190306 1403 4 0674051067 00004
190306 1404 2 6237865324 00032
190306 1407 4 5713740026 00175
190306 1407 2 3214223381 00188
190306 1410 2 0025842283 00158
190306 1413 2 3214223381 00188
190306 1414 2 5713740026 00175
190306 1416 2 3214223381 00188
190306 1426 1 3213553141 00195
190306 1426 2 3213553141 00195
190306 1429 1 3466565125 00900
190306 1432 1 3408463525 00184
190306 1432 2 3408463525 00184
190306 1435 1 3213553141 00195
190306 1435 2 3213553141 00195
190306 1436 2 3145645846 00198
190306 1438 1 2393511778 00205
190306 1438 2 2393511778 00205
190306 1442 1 3214223381 00188
190306 1443 2 3214223381 00188
190306 1444 2 3214223381 00188
190306 1447 1 3466658213 00186
190306 1447 2 3466658213 00186
190306 1455 2 3466733797 00190
190306 1456 2 3214223381 00188
190306 1459 2 5713740026 00175
190306 1502 1 3214017429 00180
190306 1503 2 3214017429 00180
190306 1506 1 5713740026 00175
190306 1507 2 5713740026 00175
190306 1507 1 2744845370 00079
190306 1507 2 2744845370 00079
190306 1509 2 3466748197 00150
190306 1511 1 3145645846 00198
190306 1512 2 3145645846 00198
190306 1518 2 3690229446 00183
190306 1521 2 3214223381 00188
190306 1523 1 3214223381 00188
190306 1527 1 6237865324 00032
190306 1527 2 6237865324 00032
190306 1527 1 3466658213 00186
190306 1528 2 3466658213 00186
190306 1529 2 5713740026 00175
190306 1531 2 3595839158 00194
190306 1533 1 3213553141 00195
190306 1533 2 3213553141 00195
190306 1534 1 3180300217 00153
190306 1535 2 3180300217 00153
190306 1540 2 3595839158 00194
190306 1542 1 3180611065 00152
190306 1542 2 3180611065 00152
190306 1543 1 0674051067 00004
190306 1547 2 0674051067 00004
190306 1547 1 3214223381 00188
190306 1547 2 3214223381 00188
190306 1548 1 3180611065 00152
190306 1548 2 3180611065 00152
190306 1551 2 4286217980 00905
190306 1551 1 3214017429 00180
190306 1551 2 3214017429 00180
190306 1552 1 2393511778 00205
190306 1552 2 2393511778 00205
190306 1552 1 3465808053 00177
190306 1553 2 3465808053 00177
190306 1554 2 3214223381 00188
190306 1554 2 3145645846 00198
190306 1554 2 0674051067 00004
190306 1556 2 2744845370 00079
190306 1556 1 3466565125 00900
190306 1557 2 3214223381 00188
190306 1559 1 3466658213 00186
190306 1559 2 3466658213 00186
190306 1600 1 3465808053 00177
190306 1600 2 3465808053 00177
190306 1603 1 0353805386 00904
190306 1604 2 3595839158 00194
190306 1606 1 5713740026 00175
190306 1606 2 5713740026 00175
190306 1608 1 3408463525 00184
190306 1609 2 3408463525 00184
190306 1609 2 5713740026 00175
190306 1610 3 3595839158 00194
190306 1612 2 4286217980 00905
190306 1614 1 3595839158 00194
190306 1614 2 3595839158 00194
190306 1619 3 5714746026 00201
190306 1619 4 5714746026 00201
190306 1620 2 3214223381 00188
190306 1620 2 3145645846 00198
190306 1623 1 3466748197 00150
190306 1623 2 3466748197 00150
190306 1625 2 3465808053 00177
190306 1631 1 5714746026 00201
190306 1631 2 5714746026 00201
190306 1634 2 5714746026 00201
190306 1638 1 3690229446 00183
190306 1638 2 3690229446 00183
190306 1647 1 3595839158 00194
190306 1648 2 3595839158 00194
190306 1648 1 3180611065 00152
190306 1648 2 3180611065 00152
190306 1650 3 4286217980 00905
190306 1650 4 4286217980 00905
190306 1654 2 3214223381 00188
190306 1658 1 4286217980 00905
190306 1658 2 4286217980 00905
190306 1700 1 3214223381 00188
190306 1700 2 3214223381 00188
190306 1705 2 3465808053 00177
190306 1705 2 4286217980 00905
190306 1708 1 3214017429 00180
190306 1708 2 3214017429 00180
190306 1710 1 3213553141 00195
190306 1710 2 3213553141 00195
190306 1711 2 4286217980 00905
190306 1712 1 0025842283 00158
190306 1712 2 0025842283 00158
190306 1713 2 0674051067 00004
190306 1714 1 3408463525 00184
190306 1714 2 3408463525 00184
190306 1716 2 2744845370 00079
190306 1718 1 3595839158 00194
190306 1718 1 2393511778 00205
190306 1719 1 3466658213 00186
190306 1719 2 3466658213 00186
190306 1720 2 5713740026 00175
190306 1720 2 3595839158 00194
190306 1720 1 3466748197 00150
190306 1722 1 2744845370 00079
190306 1722 2 2744845370 00079
190306 1724 2 3145645846 00198
190306 1729 2 3145645846 00198
190306 1731 2 3145645846 00198
190306 1731 1 0024646619 00169
190306 1731 2 0024646619 00169
190306 1734 1 3466733797 00190
190306 1734 2 3466733797 00190
190306 1735 1 3214223381 00188
190306 1736 2 3214223381 00188
190306 1738 1 3595839158 00194
190306 1738 2 3595839158 00194
190306 1739 2 3145645846 00198
190306 1739 1 3408463525 00184
190306 1739 2 3408463525 00184
190306 1740 2 3214223381 00188
190306 1741 1 3180611065 00152
190306 1742 2 5713740026 00175
190306 1742 1 3180300217 00153
190306 1742 2 3180300217 00153
190306 1744 2 3465808053 00177
190306 1744 1 5713740026 00175
190306 1744 2 0025842283 00158
190306 1746 2 3180611065 00152
190306 1746 2 3214223381 00188
190306 1753 1 3213553141 00195
190306 1754 2 3213553141 00195
190306 1755 1 3214223381 00188
190306 1758 1 3213553141 00195
190306 1758 2 5714746026 00201
190306 1759 1 2742353498 00146
190306 1759 2 2742353498 00146
190306 1802 1 3214223381 00188
190306 1803 3 0024646619 00169
190306 1805 2 3214223381 00188
190306 1805 1 3213553141 00195
190306 1807 1 3214223381 00188
190306 1810 1 2744845370 00079
190306 1810 2 2744845370 00079
190306 1811 2 6237865324 00032
190306 1813 2 4286217980 00905
190306 1815 2 3465808053 00177
190306 1816 2 2742353498 00146
190306 1820 1 3595839158 00194
190306 1822 1 3466658213 00186
190306 1822 2 3466658213 00186
190306 1823 2 3595839158 00194
190306 1823 2 3690229446 00183
190306 1827 2 0025842283 00158
190306 1833 2 4286217980 00905
190306 1835 2 3180611065 00152
190306 1843 2 3466733797 00190
190306 1843 1 2393511778 00205
190306 1844 2 4286217980 00905
190306 1845 2 4286217980 00905
190306 1850 1 6237865324 00032
190306 1850 2 6237865324 00032
190306 1857 1 2744845370 00079
190306 1857 2 2744845370 00079
190306 1900 1 6237865324 00032
190306 1900 2 6237865324 00032
190306 1901 1 3595839158 00194
190306 1903 1 3466658213 00186
190306 1903 1 3145645846 00198
190306 1903 3 3595204294 00193
190306 1903 1 3595839158 00194
190306 1903 2 3595839158 00194
190306 1903 1 3214017429 00180
190306 1904 2 3214017429 00180
190306 1907 1 3408463525 00184
190306 1907 1 3690229446 00183
190306 1907 1 3214017429 00180
190306 1907 3 3214505957 00202
190306 1909 1 2742353498 00146
190306 1909 2 2742353498 00146
190306 1913 1 3391149413 00181
190306 1913 2 3391149413 00181
190306 1914 2 3180300217 00153
190306 1914 1 3391149413 00181
190306 1914 2 3391149413 00181
190306 1917 1 3180300217 00153
190306 1917 2 3180300217 00153
190306 1927 1 3391149413 00181
190306 1927 1 3180300217 00153
190306 1929 1 3180300217 00153
190306 1929 2 3180300217 00153
190306 1930 1 3180300217 00153
190306 1931 1 6237865324 00032
190306 1931 2 6237865324 00032
190306 1951 1 6237865324 00032
190306 1952 2 6237865324 00032
190306 1956 1 6237865324 00032
190306 1957 2 6237865324 00032
190306 2000 2 3180611065 00152
190306 2009 1 2744845370 00079
190306 2009 2 2744845370 00079
190306 2010 2 4286217980 00905
190306 2011 1 2744845370 00079
190306 2014 1 4286217980 00905
190306 2014 2 4286217980 00905
190306 2035 2 5714746026 00201
190306 2049 2 0025842283 00158
190306 2050 1 4286217980 00905
190306 2051 2 3466748197 00150
190306 2052 2 4286217980 00905
190306 2054 1 0025842283 00158
190306 2055 1 3465808053 00177
190306 2056 2 3465808053 00177
190306 2058 4 5714746026 00201
190306 2142 2 4286217980 00905
190306 2147 1 4286217980 00905
190306 2147 2 4286217980 00905
190306 2210 2 3465808053 00177
190306 2211 2 3466748197 00150
190306 2211 2 0025842283 00158
190306 2212 2 3466748197 00150
190306 2212 2 3466748197 00150
190306 2213 1 0025842283 00158
190306 2213 1 6238034684 00171
190306 2214 3 3466748197 00150
190306 2214 4 3466748197 00150
190306 2220 1 3466748197 00150
