190315 0754 1 6237865324 00032
190315 0754 2 6237865324 00032
190315 0756 1 6237865324 00032
190315 0757 2 6237865324 00032
190315 0826 3 0024646619 00169
190315 0827 3 0024646619 00169
190315 0827 1 3145526534 00199
190315 0827 2 3145526534 00199
190315 0828 4 0024646619 00169
190315 0835 4 0674051067 00004
190315 0838 4 0024646619 00169
190315 0847 3 5714746026 00201
190315 0847 3 5714746026 00201
190315 0847 4 5714746026 00201
190315 0849 1 3465808053 00177
190315 0850 2 3465808053 00177
190315 0851 4 0674051067 00004
190315 0856 1 2744845370 00079
190315 0856 2 2744845370 00079
190315 0901 1 2744845370 00079
190315 0901 2 2744845370 00079
190315 0907 4 5714746026 00201
190315 0909 1 4435111614 00164
190315 0910 2 4435111614 00164
190315 0913 1 0025842283 00158
190315 0914 2 0025842283 00158
190315 0914 1 2742353498 00146
190315 0914 2 2742353498 00146
190315 0916 1 2393511778 00205
190315 0916 2 2393511778 00205
190315 0917 1 3214223381 00188
190315 0918 1 2393511778 00205
190315 0918 2 2393511778 00205
190315 0920 2 3465808053 00177
190315 0921 1 3690229446 00183
190315 0921 2 3690229446 00183
190315 0923 1 0025842283 00158
190315 0923 2 0025842283 00158
190315 0927 1 3180611065 00152
190315 0927 2 3180611065 00152
190315 0928 1 3690229446 00183
190315 0928 2 3690229446 00183
190315 0929 1 3214017429 00180
190315 0930 2 3214017429 00180
190315 0930 3 3214505957 00202
190315 0930 4 3214505957 00202
190315 0932 4 3214505957 00202
190315 0934 1 3145645846 00198
190315 0934 4 3214505957 00202
190315 0934 2 3145645846 00198
190315 0934 4 2742354762 00047
190315 0935 2 3214223381 00188
190315 0935 1 3466748197 00150
190315 0936 2 3466748197 00150
190315 0937 4 2742354762 00047
190315 0937 1 6238034684 00171
190315 0937 2 6238034684 00171
190315 0939 1 3595839158 00905
190315 0939 2 3595839158 00905
190315 0940 2 3180611065 00152
190315 0940 1 3690229446 00183
190315 0940 2 3690229446 00183
190315 0941 4 0674051067 00004
190315 0943 1 3214017429 00180
190315 0943 2 3214017429 00180
190315 0943 2 3214223381 00188
190315 0950 1 3690229446 00183
190315 0950 2 3690229446 00183
190315 0951 1 3595839158 00905
190315 0951 2 3595839158 00905
190315 0952 1 3466733797 00190
190315 0952 2 3466733797 00190
190315 0953 2 4435111614 00164
190315 0953 1 6355944412 00000
190315 0954 2 6355944412 00000
190315 0954 1 3466748197 00150
190315 0955 2 3466748197 00150
190315 0957 1 3466658213 00186
190315 0957 2 3466658213 00186
190315 0958 1 3391149413 00181
190315 0958 4 5713740026 00175
190315 0958 1 3408463525 00184
190315 0958 2 3391149413 00181
190315 0959 2 3408463525 00184
190315 1001 2 3180611065 00152
190315 1002 1 5713740026 00175
190315 1005 1 3180300217 00153
190315 1005 2 3180300217 00153
190315 1007 1 6237865324 00032
190315 1008 2 6237865324 00032
190315 1010 4 0024646619 00169
190315 1014 2 3214223381 00188
190315 1016 4 3214505957 00202
190315 1019 2 3214223381 00188
190315 1028 1 3595839158 00905
190315 1028 2 3595839158 00905
190315 1032 1 2393511778 00205
190315 1032 2 2393511778 00205
190315 1033 1 3214223381 00188
190315 1033 2 3214223381 00188
190315 1035 1 3145526534 00199
190315 1035 2 3145526534 00199
190315 1037 2 2742353498 00146
190315 1042 1 6355944412 00000
190315 1042 2 6355944412 00000
190315 1042 1 3180300217 00153
190315 1042 2 3180300217 00153
190315 1050 1 2744845370 00079
190315 1050 2 2744845370 00079
190315 1102 2 3214223381 00188
190315 1103 1 3466658213 00186
190315 1103 2 3466658213 00186
190315 1107 4 2742354762 00047
190315 1110 2 3214223381 00188
190315 1120 1 3595839158 00905
190315 1120 2 3595839158 00905
190315 1121 1 2393511778 00205
190315 1122 2 2393511778 00205
190315 1126 2 3465808053 00177
190315 1127 2 3214223381 00188
190315 1128 2 3180611065 00152
190315 1128 2 0674051067 00004
190315 1129 4 5713740026 00175
190315 1129 2 0674051067 00004
190315 1130 2 0025842283 00158
190315 1130 2 3214223381 00188
190315 1131 4 0024646619 00169
190315 1132 2 3180611065 00152
190315 1135 1 3408463525 00184
190315 1135 2 3145645846 00198
190315 1136 4 3214505957 00202
190315 1141 4 0674051067 00004
190315 1142 4 5713740026 00175
190315 1144 4 3145645846 00198
190315 1148 1 4435111614 00164
190315 1149 2 4435111614 00164
190315 1150 1 2744845370 00079
190315 1151 2 2744845370 00079
190315 1152 1 3145645846 00198
190315 1153 2 3145645846 00198
190315 1203 2 2393511778 00205
190315 1206 4 0024646619 00169
190315 1207 2 3214223381 00188
190315 1209 2 0353805386 00904
190315 1213 1 3180300217 00153
190315 1213 2 4435111614 00164
190315 1214 2 3180300217 00153
190315 1216 1 3466733797 00190
190315 1216 1 3180611065 00152
190315 1217 2 3180611065 00152
190315 1224 4 0674051067 00004
190315 1224 1 6237865324 00032
190315 1224 2 6237865324 00032
190315 1225 4 2742354762 00047
190315 1230 1 6237865324 00032
190315 1230 2 6237865324 00032
190315 1247 4 5713740026 00175
190315 1247 1 0353805386 00904
190315 1247 2 0353805386 00904
190315 1249 1 5713740026 00175
190315 1256 4 5714746026 00201
190315 1256 2 2744845370 00079
190315 1257 2 4435111614 00164
190315 1301 1 6238034684 00171
190315 1301 2 6238034684 00171
190315 1302 4 0024646619 00169
190315 1303 4 5714746026 00201
190315 1326 1 3466748197 00150
190315 1326 2 3466748197 00150
190315 1327 2 3466733797 00190
190315 1330 2 3214223381 00188
190315 1331 1 3408463525 00184
190315 1331 2 3408463525 00184
190315 1331 2 3180300217 00153
190315 1332 2 3466733797 00190
190315 1333 4 3214505957 00202
190315 1334 2 3180611065 00152
190315 1334 4 5713740026 00175
190315 1335 1 3180300217 00153
190315 1335 2 3180300217 00153
190315 1337 2 3214223381 00188
190315 1338 1 3466748197 00150
190315 1339 2 3466748197 00150
190315 1340 2 3214223381 00188
190315 1342 1 3180300217 00153
190315 1342 2 3180300217 00153
190315 1349 4 0024646619 00169
190315 1349 1 4435111614 00164
190315 1350 2 4435111614 00164
190315 1351 1 3466658213 00186
190315 1351 2 3690229446 00183
190315 1351 2 3145526534 00199
190315 1353 1 2393511778 00205
190315 1353 2 2742353498 00146
190315 1354 2 3145645846 00198
190315 1354 1 3214017429 00180
190315 1354 2 3214017429 00180
190315 1355 2 3690229446 00183
190315 1356 3 2744845370 00079
190315 1356 2 3595839158 00905
190315 1356 2 3595839158 00905
190315 1356 4 0353805386 00904
190315 1358 4 3690229446 00183
190315 1358 4 3466733797 00190
190315 1359 4 3145645846 00198
190315 1400 4 3145645846 00198
190315 1401 4 2744845370 00079
190315 1401 1 6237865324 00032
190315 1402 4 5714746026 00201
190315 1402 2 6237865324 00032
190315 1403 4 6237865324 00032
190315 1406 4 6237865324 00032
190315 1419 1 0025842283 00158
190315 1420 2 0025842283 00158
190315 1427 4 3465808053 00177
190315 1431 4 0025842283 00158
190315 1441 4 3214505957 00202
190315 1449 4 6355944412 00000
190315 1451 1 3466658213 00186
190315 1451 2 3408463525 00184
190315 1452 2 3595839158 00905
190315 1452 4 0024646619 00169
190315 1452 2 2742353498 00146
190315 1454 2 6237865324 00032
190315 1454 2 6238034684 00171
190315 1455 2 0025842283 00158
190315 1456 4 5714746026 00201
190315 1457 2 3145645846 00198
190315 1457 2 3465808053 00177
190315 1457 2 0353805386 00904
190315 1458 2 3145526534 00199
190315 1458 4 2742354762 00047
190315 1458 2 3180300217 00153
190315 1501 2 4435111614 00164
190315 1501 1 3180611065 00152
190315 1502 1 3595839158 00905
190315 1502 2 3595839158 00905
190315 1504 1 2744845370 00079
190315 1504 2 2744845370 00079
190315 1504 1 2742353498 00146
190315 1504 2 2742353498 00146
190315 1508 1 3214223381 00188
190315 1508 2 3214223381 00188
190315 1511 2 3214223381 00188
190315 1511 4 0674051067 00004
190315 1515 2 0674051067 00004
190315 1517 1 3408463525 00184
190315 1517 2 6238034684 00171
190315 1520 4 0674051067 00004
190315 1521 1 6355944412 00000
190315 1521 2 6355944412 00000
190315 1531 1 3145645846 00198
190315 1531 2 3145645846 00198
190315 1537 1 3214017429 00180
190315 1537 2 3214017429 00180
190315 1540 1 2393511778 00205
190315 1540 2 2393511778 00205
190315 1547 2 3214223381 00188
190315 1547 1 2744845370 00079
190315 1549 4 3214223381 00188
190315 1549 1 6237865324 00032
190315 1549 2 6237865324 00032
190315 1551 1 3214223381 00188
190315 1552 2 3214223381 00188
190315 1552 1 0674051067 00004
190315 1555 1 3214017429 00180
190315 1555 2 3214017429 00180
190315 1558 4 0674051067 00004
190315 1559 4 3214505957 00202
190315 1600 4 0674051067 00004
190315 1607 1 3214223381 00188
190315 1608 2 3214223381 00188
190315 1611 1 2393511778 00205
190315 1611 2 2393511778 00205
190315 1613 2 3180300217 00153
190315 1615 2 0353805386 00904
190315 1616 4 2742354762 00047
190315 1618 1 3180611065 00152
190315 1624 1 0353805386 00904
190315 1624 2 0353805386 00904
190315 1628 4 5713740026 00175
190315 1629 4 0024646619 00169
190315 1630 1 3408463525 00184
190315 1630 2 3408463525 00184
190315 1634 1 6237865324 00032
190315 1634 2 6237865324 00032
190315 1636 1 3466658213 00186
190315 1637 2 3466658213 00186
190315 1638 1 3145645846 00198
190315 1638 2 3145645846 00198
190315 1640 1 3214223381 00188
190315 1641 4 0674051067 00004
190315 1644 1 2744845370 00079
190315 1644 2 2744845370 00079
190315 1646 1 3595839158 00905
190315 1646 2 3595839158 00905
190315 1655 1 3466748197 00150
190315 1656 2 3466748197 00150
190315 1656 1 3690229446 00183
190315 1656 2 3690229446 00183
190315 1659 4 3214505957 00202
190315 1700 4 0674051067 00004
190315 1702 1 3690229446 00183
190315 1702 2 2393511778 00205
190315 1703 4 0674051067 00004
190315 1704 4 0674051067 00004
190315 1704 4 0024646619 00169
190315 1707 2 3214223381 00188
190315 1711 2 3595839158 00905
190315 1712 2 2742353498 00146
190315 1714 1 3214017429 00180
190315 1714 2 3214017429 00180
190315 1715 1 3595839158 00905
190315 1715 2 3595839158 00905
190315 1716 4 0674051067 00004
190315 1727 1 3595839158 00905
190315 1727 2 3595839158 00905
190315 1729 1 3466658213 00186
190315 1729 2 3466658213 00186
190315 1741 2 3214017429 00180
190315 1744 2 3465808053 00177
190315 1745 1 3145526534 00199
190315 1746 1 3145526534 00199
190315 1749 1 2393511778 00205
190315 1749 2 2393511778 00205
190315 1752 4 5714746026 00201
190315 1754 4 0024646619 00169
190315 1754 1 6237865324 00032
190315 1754 2 6237865324 00032
190315 1800 3 0024646619 00169
190315 1803 1 3595839158 00905
190315 1803 2 3595839158 00905
190315 1807 1 3214223381 00188
190315 1810 2 2742353498 00146
190315 1811 3 5714746026 00201
190315 1811 3 5714746026 00201
190315 1811 1 3214223381 00188
190315 1811 2 3145645846 00198
190315 1816 1 2744845370 00079
190315 1821 1 2393511778 00205
190315 1821 2 2393511778 00205
190315 1822 1 3466733797 00190
190315 1822 2 3466733797 00190
190315 1822 1 3408463525 00184
190315 1822 2 3408463525 00184
190315 1823 2 4435111614 00164
190315 1823 4 3214505957 00202
190315 1824 4 3214505957 00202
190315 1830 1 3466748197 00150
190315 1831 2 3466748197 00150
190315 1837 1 2393511778 00205
190315 1839 1 4435111614 00164
190315 1845 1 3595839158 00905
190315 1845 1 2744845370 00079
190315 1848 1 3595839158 00905
190315 1848 1 3214017429 00180
190315 1848 2 3214017429 00180
190315 1852 1 3408463525 00184
190315 1853 1 3466658213 00186
190315 1853 2 3466658213 00186
190315 1900 3 3214505957 00202
190315 1900 1 3466658213 00186
190315 1901 2 3391149413 00181
190315 1902 1 3214017429 00180
190315 1903 1 3690229446 00183
190315 1903 2 3690229446 00183
190315 1904 2 3214017429 00180
190315 1905 1 3145645846 00198
190315 1905 2 3145645846 00198
190315 1905 2 3690229446 00183
190315 1906 2 2742353498 00146
190315 1907 2 3465808053 00177
190315 1909 2 0025842283 00158
190315 1909 1 3466748197 00150
190315 1910 1 3465808053 00177
190315 1910 1 3214017429 00180
190315 1912 2 3180300217 00153
190315 1913 1 3690229446 00183
190315 1914 2 3214017429 00180
190315 1914 1 3180300217 00153
190315 1914 1 3145526534 00199
190315 1914 1 2742353498 00146
190315 1918 2 6238034684 00171
190315 1919 2 3145526534 00199
190315 1920 1 3391149413 00181
190315 1921 1 6237865324 00032
190315 1921 2 6237865324 00032
190315 1923 1 6238034684 00171
190315 1923 1 6238034684 00171
190315 1934 1 3180611065 00152
190315 1934 2 3180611065 00152
190315 1954 1 3180611065 00152
190315 1959 1 0025842283 00158
190315 2001 1 0025842283 00158
190315 2012 1 6237865324 00032
