190402 0754 1 6237865324 00032
190402 0754 2 6237865324 00032
190402 0801 1 6237865324 00032
190402 0802 2 6237865324 00032
190402 0823 3 0024646619 00169
190402 0824 3 0024646619 00169
190402 0826 4 0024646619 00169
190402 0837 3 5714746026 00201
190402 0837 3 5714746026 00201
190402 0838 4 5714746026 00201
190402 0843 4 0024646619 00169
190402 0853 1 3213553141 00195
190402 0853 2 3213553141 00195
190402 0854 3 3214505957 00202
190402 0854 4 3214505957 00202
190402 0855 1 2744845370 00079
190402 0855 2 2744845370 00079
190402 0856 2 3213553141 00195
190402 0856 2 2394843026 00210
190402 0858 2 2744845370 00079
190402 0859 4 5714746026 00201
190402 0903 1 2742353498 00146
190402 0904 2 2742353498 00146
190402 0905 1 3145526534 00199
190402 0905 2 3145526534 00199
190402 0907 1 2732830658 00207
190402 0907 2 2732830658 00207
190402 0909 2 2394843026 00210
190402 0910 2 2744845370 00079
190402 0910 2 2742353498 00146
190402 0912 1 3690229446 00183
190402 0912 2 3690229446 00183
190402 0915 1 0025842283 00158
190402 0916 2 0025842283 00158
190402 0917 1 4435111614 00164
190402 0917 2 4435111614 00164
190402 0917 1 3214223381 00188
190402 0917 1 2393511778 00205
190402 0918 2 2393511778 00205
190402 0919 1 2742353514 00192
190402 0919 2 2742353514 00192
190402 0922 1 2742353514 00192
190402 0922 2 2742353514 00192
190402 0923 3 4285846892 00200
190402 0923 4 4285846892 00200
190402 0923 1 2393511778 00205
190402 0924 2 2393511778 00205
190402 0924 1 3466748197 00150
190402 0924 2 3466748197 00150
190402 0924 1 0025842283 00158
190402 0924 2 0025842283 00158
190402 0925 1 3214223381 00188
190402 0925 1 1166545250 00208
190402 0926 2 1166545250 00208
190402 0927 2 3465808053 00177
190402 0927 1 3145645846 00198
190402 0928 2 3145645846 00198
190402 0928 1 3180611065 00152
190402 0928 3 4285846892 00200
190402 0929 4 4285846892 00200
190402 0929 2 6237865324 00032
190402 0930 1 3214017429 00180
190402 0930 2 3214017429 00180
190402 0930 2 3465808053 00177
190402 0931 4 0674051067 00004
190402 0931 4 3466565125 00900
190402 0932 4 2742354762 00047
190402 0935 4 2742354762 00047
190402 0936 2 0674051067 00004
190402 0937 1 3145645846 00198
190402 0937 2 3145645846 00198
190402 0937 1 3466565125 00900
190402 0938 1 3214017429 00180
190402 0938 3 3595204294 00193
190402 0938 2 3214017429 00180
190402 0938 4 3595204294 00193
190402 0940 2 6237865324 00032
190402 0940 2 3690229446 00183
190402 0943 2 3466748197 00150
190402 0946 2 3465808053 00177
190402 0947 2 3214223381 00188
190402 0947 4 4285846892 00200
190402 0948 1 6238034684 00171
190402 0948 2 6238034684 00171
190402 0951 4 0674051067 00004
190402 0953 2 2394843026 00210
190402 0953 2 6237865324 00032
190402 0955 2 3466733797 00190
190402 0957 4 3214505957 00202
190402 0959 4 3595204294 00193
190402 1002 2 2394843026 00210
190402 1005 2 6355944412 00000
190402 1010 2 3214223381 00188
190402 1015 4 3214223381 00188
190402 1016 4 3214505957 00202
190402 1019 1 3214223381 00188
190402 1019 1 3466658213 00186
190402 1020 2 3214223381 00188
190402 1021 4 0024646619 00169
190402 1023 1 0353805386 00904
190402 1024 2 0353805386 00904
190402 1024 1 1484663634 00166
190402 1025 2 1484663634 00166
190402 1026 1 2744845370 00079
190402 1027 2 3214223381 00188
190402 1028 1 3145526534 00199
190402 1029 2 3145526534 00199
190402 1031 2 0353805386 00904
190402 1036 1 3690229446 00183
190402 1036 2 3690229446 00183
190402 1041 1 3214017429 00180
190402 1041 2 3214017429 00180
190402 1043 1 4435111614 00164
190402 1043 2 3214223381 00188
190402 1044 2 4435111614 00164
190402 1050 1 2742353514 00192
190402 1051 2 2742353514 00192
190402 1051 1 2742353498 00146
190402 1051 2 2742353498 00146
190402 1057 1 2393511778 00205
190402 1057 2 2393511778 00205
190402 1058 4 4285846892 00200
190402 1107 1 3145645846 00198
190402 1107 2 3145645846 00198
190402 1108 1 3466658213 00186
190402 1108 2 3466658213 00186
190402 1109 4 2742354762 00047
190402 1109 1 3466748197 00150
190402 1110 2 3466748197 00150
190402 1110 3 4285846892 00200
190402 1111 1 3213553141 00195
190402 1111 2 3213553141 00195
190402 1117 4 3214505957 00202
190402 1120 2 1484663634 00166
190402 1126 4 3595204294 00193
190402 1133 1 6355944412 00000
190402 1133 2 6355944412 00000
190402 1134 1 3145526534 00199
190402 1134 2 3180611065 00152
190402 1138 4 5714746026 00201
190402 1139 1 0674051067 00004
190402 1139 2 0674051067 00004
190402 1141 1 3214017429 00180
190402 1142 2 3214017429 00180
190402 1145 4 0674051067 00004
190402 1150 2 6237865324 00032
190402 1151 2 2393511778 00205
190402 1151 1 2394843026 00210
190402 1152 1 3690229446 00183
190402 1152 2 3690229446 00183
190402 1153 1 6237865324 00032
190402 1154 2 2732830658 00207
190402 1154 2 3214223381 00188
190402 1200 1 0353805386 00904
190402 1200 2 0353805386 00904
190402 1201 1 3466658213 00186
190402 1201 2 3466658213 00186
190402 1204 2 3214223381 00188
190402 1204 2 3466748197 00150
190402 1207 2 3465808053 00177
190402 1208 4 0674051067 00004
190402 1210 1 3213553141 00195
190402 1210 2 3213553141 00195
190402 1211 1 0353805386 00904
190402 1212 4 3595204294 00193
190402 1212 2 4435111614 00164
190402 1213 4 2742354762 00047
190402 1213 2 0353805386 00904
190402 1216 4 3595204294 00193
190402 1216 2 3466748197 00150
190402 1221 1 3466733797 00190
190402 1222 1 2742353514 00192
190402 1223 2 2742353514 00192
190402 1224 2 2742353514 00192
190402 1225 1 3180611065 00152
190402 1227 1 3408463525 00184
190402 1229 4 0024646619 00169
190402 1232 1 2732830658 00207
190402 1233 2 2732830658 00207
190402 1234 1 2393511778 00205
190402 1235 4 0024646619 00169
190402 1235 2 2393511778 00205
190402 1237 1 0025842283 00158
190402 1241 1 3466733797 00190
190402 1241 2 3466733797 00190
190402 1242 1 2744845370 00079
190402 1242 2 2744845370 00079
190402 1243 1 3466733797 00190
190402 1243 2 3466733797 00190
190402 1247 1 6237865324 00032
190402 1248 2 3465808053 00177
190402 1249 2 3690229446 00183
190402 1252 2 3213553141 00195
190402 1252 1 2732830658 00207
190402 1252 2 2732830658 00207
190402 1252 2 2742353514 00192
190402 1253 2 6237865324 00032
190402 1254 2 2732830658 00207
190402 1254 2 0025842283 00158
190402 1255 4 0024646619 00169
190402 1256 2 3690229446 00183
190402 1258 4 0674051067 00004
190402 1258 2 3466748197 00150
190402 1300 2 0025842283 00158
190402 1301 2 3690229446 00183
190402 1302 2 3466748197 00150
190402 1303 1 3391149413 00181
190402 1303 2 3391149413 00181
190402 1303 2 3690229446 00183
190402 1304 2 4435111614 00164
190402 1305 1 1166545250 00208
190402 1306 4 0674051067 00004
190402 1306 1 3690229446 00183
190402 1305 2 1166545250 00208
190402 1306 2 3690229446 00183
190402 1307 1 3391149413 00181
190402 1310 4 3595204294 00193
190402 1315 2 3391149413 00181
190402 1315 2 0353805386 00904
190402 1316 2 3466658213 00186
190402 1318 4 2742354762 00047
190402 1320 2 6355944412 00000
190402 1322 2 3465808053 00177
190402 1325 2 3214017429 00180
190402 1327 2 3465808053 00177
190402 1330 2 3214223381 00188
190402 1331 2 2742353514 00192
190402 1332 2 6238034684 00171
190402 1333 2 2394843026 00210
190402 1333 2 2732830658 00207
190402 1333 2 6237865324 00032
190402 1334 2 3145526534 00199
190402 1335 2 2742353498 00146
190402 1335 2 3408463525 00184
190402 1336 4 3214505957 00202
190402 1337 2 3145526534 00199
190402 1338 2 6238034684 00171
190402 1340 2 3214223381 00188
190402 1341 2 3180611065 00152
190402 1345 2 3213553141 00195
190402 1347 2 1484663634 00166
190402 1349 2 3214223381 00188
190402 1352 4 2742354762 00047
190402 1352 4 3214505957 00202
190402 1354 4 0674051067 00004
190402 1355 4 3214505957 00202
190402 1356 2 1484663634 00166
190402 1359 2 3180611065 00152
190402 1400 2 0674051067 00004
190402 1400 2 3214223381 00188
190402 1401 2 0674051067 00004
190402 1408 1 2744845370 00079
190402 1409 2 2744845370 00079
190402 1410 1 6237865324 00032
190402 1410 2 6237865324 00032
190402 1412 1 3145645846 00198
190402 1412 2 3145645846 00198
190402 1413 4 6237865324 00032
190402 1416 1 6355944412 00000
190402 1417 2 6355944412 00000
190402 1427 1 3214223381 00188
190402 1427 2 3145645846 00198
190402 1427 1 3466658213 00186
190402 1428 2 3466658213 00186
190402 1428 4 3214505957 00202
190402 1429 4 0674051067 00004
190402 1430 1 3408463525 00184
190402 1431 2 3145526534 00199
190402 1431 1 0674051067 00004
190402 1432 2 0674051067 00004
190402 1434 2 3145526534 00199
190402 1438 2 2742353514 00192
190402 1442 2 3466748197 00150
190402 1446 4 0674051067 00004
190402 1448 1 0353805386 00904
190402 1448 2 0353805386 00904
190402 1450 4 3595204294 00193
190402 1452 2 6238034684 00171
190402 1453 2 1484663634 00166
190402 1459 1 2742353514 00192
190402 1459 4 3214505957 00202
190402 1459 2 2742353514 00192
190402 1501 1 3145645846 00198
190402 1501 2 3145645846 00198
190402 1505 1 3690229446 00183
190402 1505 2 3690229446 00183
190402 1506 3 5714746026 00201
190402 1506 4 5714746026 00201
190402 1507 1 6237865324 00032
190402 1508 2 6237865324 00032
190402 1508 4 5714746026 00201
190402 1510 4 6237865324 00032
190402 1511 4 4435111614 00164
190402 1512 4 2742354762 00047
190402 1515 1 3466733797 00190
190402 1515 2 3466733797 00190
190402 1517 1 2732830658 00207
190402 1517 2 2732830658 00207
190402 1524 4 0024646619 00169
190402 1528 1 2744845370 00079
190402 1528 2 2744845370 00079
190402 1529 1 3213553141 00195
190402 1530 2 3213553141 00195
190402 1531 1 3213553141 00195
190402 1531 2 3213553141 00195
190402 1536 2 3145526534 00199
190402 1537 2 3690229446 00183
190402 1538 1 3214017429 00180
190402 1538 2 3214017429 00180
190402 1543 1 2742353514 00192
190402 1544 2 2742353514 00192
190402 1544 1 3595839158 00905
190402 1547 1 2742353514 00192
190402 1547 2 2742353514 00192
190402 1548 1 2394843026 00210
190402 1548 2 2394843026 00210
190402 1556 1 3408463525 00184
190402 1557 2 3408463525 00184
190402 1558 4 4435111614 00164
190402 1601 1 6237865324 00032
190402 1601 2 6237865324 00032
190402 1602 1 3214223381 00188
190402 1602 1 2393511778 00205
190402 1602 4 0674051067 00004
190402 1603 2 2393511778 00205
190402 1605 2 6237865324 00032
190402 1608 4 3145645846 00198
190402 1609 1 6355944412 00000
190402 1609 2 6355944412 00000
190402 1612 2 0674051067 00004
190402 1621 2 2742353514 00192
190402 1621 1 3466733797 00190
190402 1623 2 3466733797 00190
190402 1624 2 2742353514 00192
190402 1630 4 2742354762 00047
190402 1631 2 6237865324 00032
190402 1634 2 3213553141 00195
190402 1635 1 3145645846 00198
190402 1636 2 3145645846 00198
190402 1639 4 3214505957 00202
190402 1639 2 3214223381 00188
190402 1641 1 3466658213 00186
190402 1641 2 3214017429 00180
190402 1642 1 1484663634 00166
190402 1642 2 6237865324 00032
190402 1643 4 0674051067 00004
190402 1644 2 3466658213 00186
190402 1644 2 3465808053 00177
190402 1646 2 2394843026 00210
190402 1647 2 2393511778 00205
190402 1647 2 0025842283 00158
190402 1648 2 1166545250 00208
190402 1648 2 3145526534 00199
190402 1649 2 3180611065 00152
190402 1651 2 2744845370 00079
190402 1652 2 3408463525 00184
190402 1703 2 3214223381 00188
190402 1705 4 3214505957 00202
190402 1706 3 4285846892 00200
190402 1706 4 4285846892 00200
190402 1707 4 3595204294 00193
190402 1708 3 0674051067 00004
190402 1709 4 0674051067 00004
190402 1710 3 4285846892 00200
190402 1710 4 4285846892 00200
190402 1713 3 4285846892 00200
190402 1713 4 4285846892 00200
190402 1713 1 0353805386 00904
190402 1713 2 0353805386 00904
190402 1717 1 2393511778 00205
190402 1718 2 2393511778 00205
190402 1719 4 0024646619 00169
190402 1722 2 3214223381 00188
190402 1730 1 2742353498 00146
190402 1730 2 2742353498 00146
190402 1736 1 2732830658 00207
190402 1737 2 2732830658 00207
190402 1741 1 3690229446 00183
190402 1741 2 3145645846 00198
190402 1741 1 3466658213 00186
190402 1742 2 3466658213 00186
190402 1743 1 1484663634 00166
190402 1744 2 1484663634 00166
190402 1744 1 6237865324 00032
190402 1746 1 2393511778 00205
190402 1747 2 2393511778 00205
190402 1747 1 3214017429 00180
190402 1747 2 3214017429 00180
190402 1749 1 3408463525 00184
190402 1749 2 4435111614 00164
190402 1750 2 3214223381 00188
190402 1751 2 3214223381 00188
190402 1751 2 2742353514 00192
190402 1751 3 4285846892 00200
190402 1751 4 4285846892 00200
190402 1753 2 3214223381 00188
190402 1754 2 3214223381 00188
190402 1754 4 5714746026 00201
190402 1755 1 3466748197 00150
190402 1756 2 3466748197 00150
190402 1757 1 5714746026 00201
190402 1759 1 1484663634 00166
190402 1759 2 1484663634 00166
190402 1800 1 3690229446 00183
190402 1800 2 3690229446 00183
190402 1802 2 3690229446 00183
190402 1802 2 0025842283 00158
190402 1803 2 3180611065 00152
190402 1803 2 3466658213 00186
190402 1805 4 0024646619 00169
190402 1805 2 0025842283 00158
190402 1805 1 2394843026 00210
190402 1806 3 0024646619 00169
190402 1808 2 3466748197 00150
190402 1808 1 3214223381 00188
190402 1808 1 1166545250 00208
190402 1809 2 1166545250 00208
190402 1809 4 0024646619 00169
190402 1809 1 3214223381 00188
190402 1813 4 3214505957 00202
190402 1816 1 3145526534 00199
190402 1817 1 3213553141 00195
190402 1817 2 3213553141 00195
190402 1818 4 3214505957 00202
190402 1819 1 4285846892 00200
190402 1820 4 3214505957 00202
190402 1820 2 4285846892 00200
190402 1821 2 0025842283 00158
190402 1824 2 2742353514 00192
190402 1824 1 3213553141 00195
190402 1826 2 3408463525 00184
190402 1826 3 3214505957 00202
190402 1826 2 3466658213 00186
190402 1826 1 2744845370 00079
190402 1830 1 2393511778 00205
190402 1830 2 2393511778 00205
190402 1830 2 1166545250 00208
190402 1830 1 1166545250 00208
190402 1836 1 4435111614 00164
190402 1837 2 4435111614 00164
190402 1838 1 3595839158 00905
190402 1839 2 3595839158 00905
190402 1840 1 4435111614 00164
190402 1840 1 2394843026 00210
190402 1849 1 1484663634 00166
190402 1850 2 1484663634 00166
190402 1852 4 3595204294 00193
190402 1852 1 3595839158 00905
190402 1852 1 2393511778 00205
190402 1853 3 3595204294 00193
190402 1857 1 3466658213 00186
190402 1858 2 3466658213 00186
190402 1859 1 3391149413 00181
190402 1900 2 3391149413 00181
190402 1903 1 3408463525 00184
190402 1907 1 3214017429 00180
190402 1907 1 3391149413 00181
190402 1907 1 3145645846 00198
190402 1907 1 3690229446 00183
190402 1907 1 2732830658 00207
190402 1907 1 2742353498 00146
190402 1907 1 3466658213 00186
190402 1907 1 3214017429 00180
190402 1909 1 6355944412 00000
190402 1909 2 6355944412 00000
190402 1924 1 1484663634 00166
190402 1925 2 1484663634 00166
190402 2012 2 3465808053 00177
190402 2024 1 1484663634 00166
190402 2030 1 3180611065 00152
190402 2036 1 2742353514 00192
190402 2101 2 6355944412 00000
190402 2101 2 2742353514 00192
190402 2102 2 6238034684 00171
190402 2102 2 3465808053 00177
190402 2103 2 3466748197 00150
190402 2103 1 2742353514 00192
190402 2103 2 2742353514 00192
190402 2104 1 3465808053 00177
190402 2105 4 5714746026 00201
190402 2106 3 4285846892 00200
190402 2106 4 4285846892 00200
190402 2110 3 5714746026 00201
190402 2110 3 5714746026 00201
190402 2111 3 4285846892 00200
190402 2114 1 6238034684 00171
190402 2114 1 3466748197 00150
190402 2214 1 0025842283 00158
190402 2214 2 0025842283 00158
190402 2216 1 0025842283 00158
