190303 0911 1 2742353498 00146
190303 0911 1 2742353498 00146
190303 0912 2 2742353498 00146
190303 0921 1 2742353498 00146
190303 0921 2 2742353498 00146
190303 0928 2 2742353498 00146
190303 1009 1 2742353498 00146
190303 1009 2 2742353498 00146
190303 1011 1 3214017429 00180
190303 1011 2 3214017429 00180
190303 1016 1 3214017429 00180
190303 1016 2 3214017429 00180
190303 1108 1 3214017429 00180
190303 1108 2 3214017429 00180
190303 1157 1 2742353498 00146
190303 1157 2 2742353498 00146
190303 1205 1 3214017429 00180
190303 1205 2 3214017429 00180
190303 1208 1 3214017429 00180
190303 1208 2 2742353498 00146
190303 1344 1 3214017429 00180
190303 1344 2 3214017429 00180
190303 1354 1 2742353498 00146
190303 1355 2 3214017429 00180
190303 1500 2 2742353498 00146
190303 1501 1 2742353498 00146
190303 1545 1 3214017429 00180
190303 1545 2 3214017429 00180
190303 1725 1 3214017429 00180
190303 1726 2 3214017429 00180
190303 1835 1 3214017429 00180
190303 1836 2 3214017429 00180
190303 1903 1 3214017429 00180
