190326 0820 3 0024646619 00169
190326 0820 3 0024646619 00169
190326 0821 4 0024646619 00169
190326 0823 1 6237865324 00032
190326 0823 1 6237865324 00032
190326 0824 2 6237865324 00032
190326 0829 1 6237865324 00032
190326 0829 2 6237865324 00032
190326 0831 4 0674051067 00004
190326 0832 3 5714746026 00201
190326 0832 3 5714746026 00201
190326 0832 4 5714746026 00201
190326 0835 4 0674051067 00004
190326 0837 1 3145526534 00199
190326 0838 2 3145526534 00199
190326 0839 4 5714746026 00201
190326 0842 1 3145526534 00199
190326 0842 2 3145526534 00199
190326 0845 1 2744845370 00079
190326 0845 2 2744845370 00079
190326 0853 1 3214223381 00188
190326 0854 2 2744845370 00079
190326 0855 2 2744845370 00079
190326 0855 4 0024646619 00169
190326 0902 2 2394843026 00210
190326 0905 1 2732830658 00207
190326 0905 2 2732830658 00207
190326 0905 4 3214104853 00901
190326 0907 1 2742353514 00192
190326 0907 2 2742353514 00192
190326 0910 1 2742353498 00146
190326 0910 1 4435111614 00164
190326 0910 2 2742353498 00146
190326 0910 2 4435111614 00164
190326 0912 1 2742353514 00192
190326 0913 2 2742353514 00192
190326 0913 1 1166545250 00208
190326 0913 2 1166545250 00208
190326 0914 1 2742353514 00192
190326 0914 2 2742353514 00192
190326 0916 3 4285846892 00200
190326 0916 4 4285846892 00200
190326 0917 1 2393511778 00205
190326 0920 1 3690229446 00183
190326 0920 2 3690229446 00183
190326 0920 1 1166545250 00208
190326 0920 2 1166545250 00208
190326 0923 4 4285846892 00200
190326 0923 1 3213553141 00195
190326 0923 2 3213553141 00195
190326 0927 2 3213553141 00195
190326 0926 3 3214505957 00202
190326 0927 4 3214505957 00202
190326 0929 1 3214017429 00180
190326 0929 2 3214017429 00180
190326 0930 2 3214505957 00202
190326 0931 1 3466748197 00150
190326 0931 3 3595204294 00193
190326 0931 4 3595204294 00193
190326 0931 2 3466748197 00150
190326 0934 4 2742354762 00047
190326 0934 1 3145645846 00198
190326 0934 2 3145645846 00198
190326 0935 2 3145526534 00199
190326 0935 4 0674051067 00004
190326 0937 4 2742354762 00047
190326 0938 4 3214505957 00202
190326 0942 1 3145645846 00198
190326 0942 2 3145645846 00198
190326 0945 1 6238034684 00171
190326 0945 2 6238034684 00171
190326 0948 1 3690229446 00183
190326 0948 2 3690229446 00183
190326 0950 4 3595204294 00193
190326 0951 2 6237865324 00032
190326 0952 4 3595204294 00193
190326 0953 4 3214505957 00202
190326 0954 1 2393511778 00205
190326 0955 2 2393511778 00205
190326 1001 1 3180300217 00153
190326 1001 3 4285846892 00200
190326 1002 2 3180300217 00153
190326 1002 4 4285846892 00200
190326 1002 1 3214017429 00180
190326 1002 2 3214017429 00180
190326 1004 1 3466658213 00186
190326 1005 2 3466658213 00186
190326 1007 1 3408463525 00184
190326 1008 2 3408463525 00184
190326 1011 1 1484663634 00166
190326 1011 2 1484663634 00166
190326 1015 1 2394843026 00210
190326 1015 2 2394843026 00210
190326 1019 1 4286217980 00905
190326 1019 2 4286217980 00905
190326 1019 1 3690229446 00183
190326 1020 2 3690229446 00183
190326 1021 4 3214505957 00202
190326 1023 4 3214505957 00202
190326 1025 4 5714746026 00201
190326 1026 2 4286217980 00905
190326 1027 2 3180300217 00153
190326 1029 1 4435111614 00164
190326 1029 1 0024646619 00169
190326 1029 2 4435111614 00164
190326 1030 2 0024646619 00169
190326 1031 1 2742353498 00146
190326 1032 2 2742353498 00146
190326 1037 1 2732830658 00207
190326 1038 2 2732830658 00207
190326 1044 4 0024646619 00169
190326 1045 1 3214104853 00901
190326 1045 1 3145526534 00199
190326 1046 2 4286217980 00905
190326 1047 2 3214505957 00202
190326 1048 4 3595204294 00193
190326 1051 4 4285846892 00200
190326 1051 2 3214104853 00901
190326 1052 4 3214505957 00202
190326 1052 1 3595204294 00193
190326 1052 2 3595204294 00193
190326 1054 4 3214505957 00202
190326 1055 1 4286217980 00905
190326 1055 2 4286217980 00905
190326 1059 1 4286217980 00905
190326 1059 2 4286217980 00905
190326 1100 1 3214223381 00188
190326 1101 2 3214223381 00188
190326 1103 1 3214017429 00180
190326 1103 2 3214017429 00180
190326 1104 3 3595204294 00193
190326 1104 4 3595204294 00193
190326 1109 1 3466658213 00186
190326 1109 2 3466658213 00186
190326 1113 1 3213553141 00195
190326 1113 2 3213553141 00195
190326 1114 4 3214223381 00188
190326 1116 1 2394843026 00210
190326 1117 2 2394843026 00210
190326 1117 1 3214223381 00188
190326 1117 2 3466658213 00186
190326 1118 2 3214223381 00188
190326 1120 1 3214223381 00188
190326 1121 2 2744845370 00079
190326 1122 1 0674051067 00004
190326 1123 2 0674051067 00004
190326 1124 1 2393511778 00205
190326 1124 2 2393511778 00205
190326 1128 1 3466748197 00150
190326 1128 2 3466748197 00150
190326 1129 1 3408463525 00184
190326 1129 2 3408463525 00184
190326 1130 1 2742353514 00192
190326 1131 2 2394843026 00210
190326 1134 1 1166545250 00208
190326 1134 2 1166545250 00208
190326 1136 4 0674051067 00004
190326 1138 1 1484663634 00166
190326 1138 2 1484663634 00166
190326 1138 4 0024646619 00169
190326 1139 4 0024646619 00169
190326 1140 4 2742354762 00047
190326 1143 1 3180611065 00152
190326 1143 2 3180611065 00152
190326 1146 1 3180611065 00152
190326 1146 2 3180611065 00152
190326 1153 4 3214505957 00202
190326 1157 1 3145645846 00198
190326 1158 2 3145645846 00198
190326 1159 4 3214505957 00202
190326 1159 2 0674051067 00004
190326 1200 1 2393511778 00205
190326 1200 2 2393511778 00205
190326 1201 1 3180300217 00153
190326 1201 2 3180300217 00153
190326 1203 4 5714746026 00201
190326 1205 4 0674051067 00004
190326 1205 2 3214017429 00180
190326 1208 2 0674051067 00004
190326 1209 2 3214017429 00180
190326 1213 1 2742353514 00192
190326 1213 4 3595204294 00193
190326 1217 4 3595204294 00193
190326 1219 2 3145645846 00198
190326 1220 2 3145526534 00199
190326 1220 2 3466658213 00186
190326 1220 2 1484663634 00166
190326 1222 2 2742353498 00146
190326 1223 2 3145526534 00199
190326 1226 4 0674051067 00004
190326 1230 2 6237865324 00032
190326 1233 2 3180611065 00152
190326 1234 2 3145526534 00199
190326 1235 4 4285846892 00200
190326 1235 2 6237865324 00032
190326 1238 2 2742353498 00146
190326 1241 1 3213553141 00195
190326 1242 2 3213553141 00195
190326 1243 4 5714746026 00201
190326 1245 4 0024646619 00169
190326 1246 2 3180611065 00152
190326 1247 4 5714746026 00201
190326 1249 4 3595204294 00193
190326 1250 4 2742354762 00047
190326 1250 1 2742353498 00146
190326 1251 2 2742353498 00146
190326 1252 1 2744845370 00079
190326 1252 2 2744845370 00079
190326 1252 1 3213553141 00195
190326 1253 2 3213553141 00195
190326 1253 2 3145645846 00198
190326 1254 4 3595204294 00193
190326 1254 4 3595204294 00193
190326 1255 3 4285846892 00200
190326 1256 2 3466748197 00150
190326 1257 2 3466748197 00150
190326 1258 2 4435111614 00164
190326 1259 2 2742353498 00146
190326 1301 2 3466748197 00150
190326 1302 4 0674051067 00004
190326 1303 2 2393511778 00205
190326 1304 1 3466658213 00186
190326 1304 2 3466658213 00186
190326 1305 3 1166545250 00208
190326 1305 4 1166545250 00208
190326 1306 1 2393511778 00205
190326 1306 2 2393511778 00205
190326 1307 1 3145645846 00198
190326 1307 2 4435111614 00164
190326 1308 2 3145645846 00198
190326 1309 2 3466658213 00186
190326 1309 1 2394843026 00210
190326 1309 2 2394843026 00210
190326 1310 4 0024646619 00169
190326 1311 1 3466658213 00186
190326 1311 2 3466658213 00186
190326 1323 1 2732830658 00207
190326 1323 2 3690229446 00183
190326 1327 2 2732830658 00207
190326 1327 2 2744845370 00079
190326 1330 2 3214223381 00188
190326 1330 2 2742353498 00146
190326 1331 2 1166545250 00208
190326 1331 2 3145526534 00199
190326 1333 2 3180611065 00152
190326 1335 4 3595204294 00193
190326 1335 2 3214223381 00188
190326 1336 4 3214505957 00202
190326 1336 2 3145645846 00198
190326 1338 2 3690229446 00183
190326 1339 2 3466658213 00186
190326 1342 1 3214017429 00180
190326 1342 2 3180300217 00153
190326 1343 4 3214505957 00202
190326 1345 1 6238034684 00171
190326 1345 2 6238034684 00171
190326 1347 1 2394843026 00210
190326 1347 2 2394843026 00210
190326 1356 1 3213553141 00195
190326 1356 2 3213553141 00195
190326 1359 2 3145645846 00198
190326 1400 1 3408463525 00184
190326 1400 2 3408463525 00184
190326 1404 1 2744845370 00079
190326 1404 2 2744845370 00079
190326 1406 1 4286217980 00905
190326 1407 2 4286217980 00905
190326 1411 4 4286217980 00905
190326 1414 4 2742354762 00047
190326 1415 2 3214223381 00188
190326 1428 1 3214017429 00180
190326 1428 2 3214017429 00180
190326 1430 1 4286217980 00905
190326 1430 2 4286217980 00905
190326 1432 1 2732830658 00207
190326 1432 2 2732830658 00207
190326 1432 1 3690229446 00183
190326 1432 2 3690229446 00183
190326 1433 1 3213553141 00195
190326 1434 2 3213553141 00195
190326 1437 1 3466658213 00186
190326 1438 2 3466658213 00186
190326 1439 2 0674051067 00004
190326 1450 1 3145645846 00198
190326 1450 2 3145645846 00198
190326 1452 2 2742353498 00146
190326 1457 4 0674051067 00004
190326 1500 4 0674051067 00004
190326 1504 2 6237865324 00032
190326 1508 1 1484663634 00166
190326 1509 2 1484663634 00166
190326 1513 4 3214505957 00202
190326 1515 1 6238034684 00171
190326 1515 2 2744845370 00079
190326 1521 3 5714746026 00201
190326 1521 1 1166545250 00208
190326 1521 2 1166545250 00208
190326 1522 1 3145526534 00199
190326 1522 2 3145526534 00199
190326 1523 1 3180611065 00152
190326 1523 2 3180611065 00152
190326 1524 2 1484663634 00166
190326 1526 4 2742354762 00047
190326 1528 1 2394843026 00210
190326 1528 2 2394843026 00210
190326 1533 4 4286217980 00905
190326 1537 1 4286217980 00905
190326 1538 2 4286217980 00905
190326 1546 1 2732830658 00207
190326 1546 2 2732830658 00207
190326 1552 4 0024646619 00169
190326 1552 1 2744845370 00079
190326 1552 2 2744845370 00079
190326 1552 1 3214017429 00180
190326 1553 2 3214017429 00180
190326 1555 1 2393511778 00205
190326 1555 2 2393511778 00205
190326 1557 1 2742353498 00146
190326 1557 2 2742353498 00146
190326 1605 1 3690229446 00183
190326 1606 2 4435111614 00164
190326 1609 2 4435111614 00164
190326 1611 1 2394843026 00210
190326 1611 2 2394843026 00210
190326 1618 1 6237865324 00032
190326 1618 2 3213553141 00195
190326 1618 2 1484663634 00166
190326 1619 2 2742353498 00146
190326 1630 1 3214017429 00180
190326 1630 2 3214017429 00180
190326 1630 1 3180300217 00153
190326 1631 2 3180300217 00153
190326 1631 1 3466748197 00150
190326 1632 2 3466748197 00150
190326 1633 1 3690229446 00183
190326 1634 2 3690229446 00183
190326 1634 1 3145645846 00198
190326 1634 2 3145645846 00198
190326 1635 4 3595204294 00193
190326 1636 4 4286217980 00905
190326 1638 1 4286217980 00905
190326 1638 2 4286217980 00905
190326 1646 1 3466658213 00186
190326 1646 2 3466658213 00186
190326 1647 4 3214505957 00202
190326 1653 2 3408463525 00184
190326 1654 2 4435111614 00164
190326 1658 1 2393511778 00205
190326 1658 2 2393511778 00205
190326 1700 2 3145526534 00199
190326 1703 1 2394843026 00210
190326 1711 1 3213553141 00195
190326 1711 2 3213553141 00195
190326 1714 4 3214505957 00202
190326 1721 1 3214017429 00180
190326 1721 2 3214017429 00180
190326 1727 1 2393511778 00205
190326 1727 2 2393511778 00205
190326 1729 1 1484663634 00166
190326 1729 2 1484663634 00166
190326 1738 1 3214223381 00188
190326 1740 2 3214223381 00188
190326 1740 1 2732830658 00207
190326 1741 2 2732830658 00207
190326 1745 1 3145645846 00198
190326 1745 2 3145645846 00198
190326 1746 1 4286217980 00905
190326 1746 2 4286217980 00905
190326 1746 1 6237865324 00032
190326 1746 2 6237865324 00032
190326 1749 1 3145526534 00199
190326 1749 2 3145526534 00199
190326 1750 1 2394843026 00210
190326 1750 2 2394843026 00210
190326 1757 1 6237865324 00032
190326 1758 1 0674051067 00004
190326 1759 2 0674051067 00004
190326 1800 2 1166545250 00208
190326 1802 1 3214223381 00188
190326 1803 4 0674051067 00004
190326 1805 1 3180611065 00152
190326 1805 2 3180611065 00152
190326 1810 1 3466658213 00186
190326 1810 2 3466658213 00186
190326 1811 3 0024646619 00169
190326 1811 4 0024646619 00169
190326 1817 1 3466658213 00186
190326 1817 2 3466658213 00186
190326 1818 1 1484663634 00166
190326 1819 2 1484663634 00166
190326 1819 1 3690229446 00183
190326 1819 2 3690229446 00183
190326 1820 1 1484663634 00166
190326 1820 1 2744845370 00079
190326 1820 2 1484663634 00166
190326 1822 2 2742353498 00146
190326 1823 1 3180611065 00152
190326 1825 1 2394843026 00210
190326 1826 2 2394843026 00210
190326 1826 1 4435111614 00164
190326 1826 2 4435111614 00164
190326 1828 1 3408463525 00184
190326 1828 2 3408463525 00184
190326 1830 3 5714746026 00201
190326 1830 1 6238034684 00171
190326 1830 4 5714746026 00201
190326 1830 2 6238034684 00171
190326 1832 1 3180300217 00153
190326 1832 2 3180300217 00153
190326 1835 4 5714746026 00201
190326 1835 2 1166545250 00208
190326 1834 1 4435111614 00164
190326 1835 1 1166545250 00208
190326 1836 1 3180300217 00153
190326 1837 4 3214505957 00202
190326 1837 1 3145526534 00199
190326 1838 1 3466658213 00186
190326 1838 2 3466658213 00186
190326 1838 4 3595204294 00193
190326 1838 1 2732830658 00207
190326 1838 2 2732830658 00207
190326 1840 1 3213553141 00195
190326 1840 3 5714746026 00201
190326 1841 4 3214505957 00202
190326 1841 2 2394843026 00210
190326 1841 3 5714746026 00201
190326 1842 1 2732830658 00207
190326 1843 1 3408463525 00184
190326 1843 3 3595204294 00193
190326 1846 4 3214505957 00202
190326 1847 4 3214505957 00202
190326 1855 3 3214505957 00202
190326 1856 2 1484663634 00166
190326 1901 1 3214017429 00180
190326 1902 2 3214017429 00180
190326 1903 1 3466748197 00150
190326 1904 2 3466748197 00150
190326 1905 1 3690229446 00183
190326 1905 1 3145645846 00198
190326 1905 1 2393511778 00205
190326 1905 1 3214017429 00180
190326 1905 1 3466658213 00186
190326 1905 1 6238034684 00171
190326 1905 1 1484663634 00166
190326 1905 1 2742353498 00146
