190409 0808 1 6237865324 00032
190409 0809 2 6237865324 00032
190409 0814 1 6237865324 00032
190409 0815 2 6237865324 00032
190409 0822 1 3465808053 00177
190409 0822 2 3465808053 00177
190409 0826 3 0024646619 00169
190409 0827 3 0024646619 00169
190409 0828 4 0024646619 00169
190409 0838 3 5714746026 00201
190409 0839 4 5714746026 00201
190409 0846 1 2744845370 00079
190409 0846 2 2744845370 00079
190409 0850 1 2744845370 00079
190409 0850 2 2744845370 00079
190409 0852 4 0024646619 00169
190409 0856 1 3213553141 00195
190409 0857 2 2394843026 00210
190409 0859 2 3213553141 00195
190409 0900 1 2742353498 00146
190409 0901 2 2742353498 00146
190409 0902 1 2732830658 00207
190409 0902 2 2732830658 00207
190409 0904 2 2742353498 00146
190409 0907 2 2732830658 00207
190409 0909 1 2742353514 00192
190409 0909 2 2742353514 00192
190409 0911 2 2394843026 00210
190409 0913 1 3214223381 00188
190409 0913 1 3690229446 00183
190409 0913 2 3690229446 00183
190409 0914 2 3214223381 00188
190409 0915 2 2742353514 00192
190409 0917 1 1166545250 00208
190409 0917 2 1166545250 00208
190409 0917 1 2393511778 00205
190409 0918 1 3145526534 00199
190409 0918 2 2393511778 00205
190409 0921 2 1166545250 00208
190409 0922 2 3145526534 00199
190409 0923 3 3214505957 00202
190409 0924 4 3214505957 00202
190409 0924 2 3214223381 00188
190409 0926 1 4435111614 00164
190409 0926 4 3214505957 00202
190409 0926 1 4435111614 00164
190409 0926 3 3595204294 00193
190409 0926 4 3595204294 00193
190409 0926 2 4435111614 00164
190409 0929 4 2742354762 00047
190409 0930 1 3180611065 00152
190409 0930 2 3180611065 00152
190409 0931 4 2742354762 00047
190409 0932 1 3466748197 00150
190409 0933 2 3466748197 00150
190409 0933 1 3214017429 00180
190409 0933 2 3214017429 00180
190409 0934 1 3145645846 00198
190409 0934 2 3145645846 00198
190409 0934 4 0674051067 00004
190409 0938 1 1484663634 00166
190409 0939 2 1484663634 00166
190409 0939 1 3466748197 00150
190409 0940 2 3466748197 00150
190409 0941 1 3145645846 00198
190409 0941 2 3145645846 00198
190409 0942 1 3690229446 00183
190409 0942 2 3690229446 00183
190409 0944 1 6238034684 00171
190409 0944 2 6238034684 00171
190409 0945 1 3214223381 00188
190409 0946 2 3180611065 00152
190409 0948 2 6355944412 00000
190409 0948 1 3391149413 00181
190409 0948 2 3391149413 00181
190409 0949 4 3595204294 00193
190409 0952 2 2393511778 00205
190409 0954 2 3214223381 00188
190409 0958 2 3214223381 00188
190409 0958 2 3465808053 00177
190409 1000 1 3466658213 00186
190409 1000 2 3466658213 00186
190409 1001 4 3391149413 00181
190409 1002 1 3180300217 00153
190409 1002 2 3214223381 00188
190409 1003 1 0674051067 00004
190409 1003 2 2394843026 00210
190409 1005 4 2394843026 00210
190409 1006 1 3466733797 00190
190409 1007 4 0024646619 00169
190409 1010 4 0674051067 00004
190409 1011 1 1484663634 00166
190409 1012 2 1484663634 00166
190409 1012 1 0674051067 00004
190409 1012 2 0674051067 00004
190409 1012 1 4435111614 00164
190409 1013 2 4435111614 00164
190409 1013 1 3214223381 00188
190409 1014 2 4286217980 00905
190409 1017 1 3408463525 00184
190409 1017 2 3408463525 00184
190409 1021 3 6238034684 00171
190409 1021 2 3214223381 00188
190409 1021 2 4286217980 00905
190409 1021 2 3180611065 00152
190409 1022 4 6238034684 00171
190409 1022 2 3214223381 00188
190409 1023 4 6238034684 00171
190409 1024 4 3180611065 00152
190409 1026 2 3180300217 00153
190409 1027 2 2742353514 00192
190409 1031 2 3214223381 00188
190409 1032 1 2732830658 00207
190409 1033 2 2732830658 00207
190409 1035 2 4435111614 00164
190409 1037 2 3214223381 00188
190409 1043 2 3214223381 00188
190409 1044 2 4286217980 00905
190409 1046 1 3145645846 00198
190409 1046 2 3145645846 00198
190409 1049 2 4286217980 00905
190409 1049 4 3214223381 00188
190409 1050 2 4286217980 00905
190409 1051 1 3213553141 00195
190409 1051 2 3213553141 00195
190409 1051 1 3214223381 00188
190409 1052 1 2742353498 00146
190409 1052 2 2742353498 00146
190409 1053 4 0674051067 00004
190409 1057 1 2744845370 00079
190409 1058 2 2744845370 00079
190409 1101 2 4286217980 00905
190409 1104 1 0674051067 00004
190409 1105 2 0674051067 00004
190409 1109 4 3595204294 00193
190409 1110 3 0674051067 00004
190409 1110 4 0674051067 00004
190409 1111 1 3408463525 00184
190409 1112 2 3408463525 00184
190409 1113 2 4435111614 00164
190409 1113 1 3214017429 00180
190409 1114 2 3214017429 00180
190409 1115 1 2393511778 00205
190409 1115 2 2393511778 00205
190409 1117 2 1484663634 00166
190409 1119 1 3466658213 00186
190409 1120 2 3466658213 00186
190409 1120 1 1166545250 00208
190409 1121 4 3214505957 00202
190409 1121 2 1166545250 00208
190409 1121 4 3465808053 00177
190409 1122 2 3466733797 00190
190409 1121 1 2732830658 00207
190409 1122 2 2732830658 00207
190409 1123 2 1484663634 00166
190409 1123 4 6237865324 00032
190409 1125 1 3408463525 00184
190409 1126 1 4286217980 00905
190409 1129 2 3180300217 00153
190409 1135 4 2742354762 00047
190409 1151 1 2394843026 00210
190409 1152 2 2394843026 00210
190409 1155 2 2394843026 00210
190409 1157 1 3145526534 00199
190409 1157 2 3145526534 00199
190409 1157 1 3213553141 00195
190409 1158 2 3213553141 00195
190409 1159 1 3145645846 00198
190409 1159 2 3145645846 00198
190409 1200 1 0024646619 00169
190409 1200 2 0024646619 00169
190409 1205 2 3180611065 00152
190409 1205 4 0024646619 00169
190409 1207 4 0024646619 00169
190409 1208 2 3690229446 00183
190409 1211 2 4286217980 00905
190409 1213 2 3466733797 00190
190409 1213 2 3466748197 00150
190409 1217 2 3408463525 00184
190409 1219 3 3595204294 00193
190409 1220 2 3180300217 00153
190409 1222 2 3465808053 00177
190409 1224 2 2393511778 00205
190409 1228 1 2732830658 00207
190409 1229 2 2732830658 00207
190409 1233 1 6237865324 00032
190409 1234 2 6237865324 00032
190409 1238 1 2394843026 00210
190409 1239 2 2394843026 00210
190409 1239 2 6237865324 00032
190409 1241 2 2742353498 00146
190409 1241 1 2742353514 00192
190409 1241 2 2742353514 00192
190409 1245 2 3690229446 00183
190409 1249 2 2732830658 00207
190409 1250 2 3690229446 00183
190409 1251 2 3213553141 00195
190409 1252 2 2744845370 00079
190409 1255 4 0674051067 00004
190409 1255 2 3145645846 00198
190409 1256 2 3180611065 00152
190409 1257 2 2393511778 00205
190409 1300 4 5714746026 00201
190409 1300 2 3466748197 00150
190409 1301 2 3466658213 00186
190409 1305 2 3145645846 00198
190409 1307 4 0024646619 00169
190409 1308 2 4435111614 00164
190409 1310 2 3214017429 00180
190409 1310 2 3391149413 00181
190409 1312 2 3180300217 00153
190409 1314 4 3595204294 00193
190409 1314 2 2742353498 00146
190409 1315 4 3214505957 00202
190409 1321 2 3214017429 00180
190409 1322 2 3690229446 00183
190409 1329 2 3180611065 00152
190409 1330 2 2742353498 00146
190409 1331 2 3465808053 00177
190409 1331 2 3466748197 00150
190409 1331 2 1166545250 00208
190409 1333 2 0674051067 00004
190409 1334 2 3466733797 00190
190409 1334 2 2742353514 00192
190409 1335 2 4286217980 00905
190409 1336 2 4286217980 00905
190409 1338 2 2394843026 00210
190409 1341 2 2744845370 00079
190409 1344 2 1484663634 00166
190409 1345 2 2742353514 00192
190409 1346 2 3213553141 00195
190409 1346 2 6238034684 00171
190409 1348 1 6238034684 00171
190409 1349 2 3690229446 00183
190409 1351 1 3180300217 00153
190409 1351 2 3180300217 00153
190409 1357 1 3214017429 00180
190409 1358 2 3214017429 00180
190409 1358 2 3214223381 00188
190409 1358 1 6355944412 00000
190409 1359 4 0674051067 00004
190409 1359 2 6355944412 00000
190409 1359 3 4285846892 00200
190409 1359 4 4285846892 00200
190409 1400 1 3145526534 00199
190409 1401 4 4285846892 00200
190409 1403 1 0674051067 00004
190409 1403 2 0674051067 00004
190409 1405 2 3466658213 00186
190409 1406 2 3180300217 00153
190409 1408 2 0674051067 00004
190409 1410 4 3595204294 00193
190409 1411 4 0674051067 00004
190409 1411 1 2744845370 00079
190409 1412 2 2744845370 00079
190409 1413 2 4435111614 00164
190409 1414 4 4285846892 00200
190409 1416 1 3391149413 00181
190409 1417 2 3391149413 00181
190409 1418 1 2742353514 00192
190409 1418 2 2742353514 00192
190409 1419 2 3180300217 00153
190409 1420 4 5714746026 00201
190409 1425 4 2742354762 00047
190409 1425 1 6237865324 00032
190409 1430 1 3408463525 00184
190409 1431 2 3408463525 00184
190409 1444 2 2744845370 00079
190409 1448 1 3145645846 00198
190409 1453 1 3214017429 00180
190409 1453 2 3214017429 00180
190409 1457 1 2732830658 00207
190409 1457 2 2732830658 00207
190409 1458 4 3214505957 00202
190409 1500 4 3214505957 00202
190409 1507 2 3466748197 00150
190409 1507 2 3466658213 00186
190409 1508 2 3180300217 00153
190409 1508 2 3145645846 00198
190409 1509 2 2742353498 00146
190409 1510 4 0024646619 00169
190409 1510 1 2393511778 00205
190409 1510 2 2393511778 00205
190409 1513 4 4285846892 00200
190409 1513 1 3466748197 00150
190409 1513 2 2394843026 00210
190409 1514 1 0674051067 00004
190409 1514 1 2742353514 00192
190409 1514 2 0674051067 00004
190409 1518 4 0674051067 00004
190409 1530 2 3145645846 00198
190409 1530 1 3690229446 00183
190409 1531 2 3690229446 00183
190409 1531 1 2744845370 00079
190409 1531 2 2744845370 00079
190409 1532 2 2393511778 00205
190409 1532 1 6355944412 00000
190409 1533 2 6355944412 00000
190409 1535 2 0674051067 00004
190409 1539 2 2393511778 00205
190409 1541 2 3214223381 00188
190409 1543 1 3214017429 00180
190409 1543 2 3214017429 00180
190409 1552 4 0024646619 00169
190409 1553 1 2394843026 00210
190409 1553 2 2394843026 00210
190409 1555 2 2393511778 00205
190409 1555 2 3145645846 00198
190409 1556 4 6237865324 00032
190409 1556 2 3145645846 00198
190409 1556 1 1166545250 00208
190409 1556 2 1166545250 00208
190409 1558 1 3213553141 00195
190409 1559 2 3145526534 00199
190409 1559 1 3214223381 00188
190409 1602 2 3214223381 00188
190409 1603 2 1484663634 00166
190409 1603 1 3408463525 00184
190409 1604 2 3408463525 00184
190409 1607 4 3595204294 00193
190409 1608 3 1484663634 00166
190409 1608 4 1484663634 00166
190409 1609 1 4435111614 00164
190409 1609 2 4435111614 00164
190409 1612 1 3466748197 00150
190409 1612 2 3466748197 00150
190409 1612 2 3214017429 00180
190409 1613 2 1484663634 00166
190409 1615 1 3465808053 00177
190409 1618 4 2742354762 00047
190409 1619 1 6237865324 00032
190409 1619 2 6237865324 00032
190409 1629 1 3145526534 00199
190409 1629 2 3145526534 00199
190409 1630 1 4286217980 00905
190409 1631 2 4286217980 00905
190409 1632 1 3690229446 00183
190409 1632 2 3690229446 00183
190409 1636 1 2742353514 00192
190409 1636 2 2742353514 00192
190409 1638 1 1484663634 00166
190409 1638 2 3214017429 00180
190409 1639 1 2742353498 00146
190409 1639 2 2742353498 00146
190409 1646 1 2393511778 00205
190409 1647 2 3145645846 00198
190409 1648 1 3214223381 00188
190409 1648 2 3214223381 00188
190409 1655 4 0024646619 00169
190409 1657 1 3391149413 00181
190409 1658 2 3391149413 00181
190409 1700 4 3214505957 00202
190409 1702 4 0674051067 00004
190409 1710 4 5714746026 00201
190409 1712 1 1484663634 00166
190409 1713 2 1484663634 00166
190409 1713 1 6237865324 00032
190409 1713 2 6237865324 00032
190409 1713 3 4285846892 00200
190409 1714 4 4285846892 00200
190409 1715 4 0674051067 00004
190409 1715 1 1166545250 00208
190409 1715 2 1166545250 00208
190409 1723 1 3466748197 00150
190409 1725 1 2742353514 00192
190409 1726 2 2742353514 00192
190409 1726 1 2732830658 00207
190409 1726 2 2732830658 00207
190409 1727 1 4286217980 00905
190409 1728 2 4286217980 00905
190409 1732 1 2393511778 00205
190409 1732 2 2393511778 00205
190409 1736 1 4285846892 00200
190409 1737 2 4285846892 00200
190409 1739 2 3145645846 00198
190409 1739 1 3214017429 00180
190409 1739 2 3214017429 00180
190409 1741 2 3145526534 00199
190409 1742 4 0024646619 00169
190409 1743 2 3213553141 00195
190409 1746 3 4285846892 00200
190409 1746 4 4285846892 00200
190409 1750 2 3466658213 00186
190409 1750 1 6237865324 00032
190409 1756 2 4435111614 00164
190409 1801 3 0024646619 00169
190409 1802 2 2744845370 00079
190409 1806 1 1484663634 00166
190409 1806 2 1484663634 00166
190409 1811 1 3145526534 00199
190409 1814 2 2742353514 00192
190409 1815 1 2742353514 00192
190409 1815 2 3213553141 00195
190409 1815 2 2742353514 00192
190409 1819 2 2394843026 00210
190409 1822 4 4285846892 00200
190409 1822 2 2393511778 00205
190409 1822 2 3408463525 00184
190409 1822 4 5714746026 00201
190409 1823 4 3595204294 00193
190409 1824 3 5714746026 00201
190409 1825 1 2742353514 00192
190409 1825 1 2742353514 00192
190409 1825 3 4285846892 00200
190409 1826 1 3213553141 00195
190409 1832 2 3180300217 00153
190409 1835 1 3180300217 00153
190409 1836 4 0674051067 00004
190409 1836 2 4435111614 00164
190409 1836 1 2394843026 00210
190409 1839 1 4435111614 00164
190409 1839 2 1166545250 00208
190409 1839 1 1166545250 00208
190409 1841 4 3214505957 00202
190409 1843 1 2744845370 00079
190409 1845 1 3145645846 00198
190409 1846 2 3145645846 00198
190409 1846 4 3595204294 00193
190409 1850 1 3466658213 00186
190409 1851 1 3466658213 00186
190409 1851 2 3466658213 00186
190409 1852 3 3595204294 00193
190409 1852 1 3408463525 00184
190409 1853 2 2742353498 00146
190409 1854 1 3145645846 00198
190409 1854 1 2393511778 00205
190409 1901 1 3391149413 00181
190409 1902 2 3391149413 00181
190409 1904 4 3214505957 00202
190409 1905 1 1484663634 00166
190409 1906 2 1484663634 00166
190409 1906 1 3214017429 00180
190409 1906 2 3214017429 00180
190409 1908 4 3214505957 00202
190409 1912 1 3690229446 00183
190409 1912 1 2732830658 00207
190409 1912 1 3391149413 00181
190409 1912 1 2742353498 00146
190409 1912 1 1484663634 00166
190409 1913 1 3214017429 00180
190409 1913 3 3214505957 00202
190409 1914 4 3214505957 00202
