190506 0755 1 6237865324 00032
190506 0755 2 6237865324 00032
190506 0802 1 6237865324 00032
190506 0802 2 6237865324 00032
190506 0820 3 0024646619 00169
190506 0820 3 0024646619 00169
190506 0822 4 0024646619 00169
190506 0839 3 5714746026 00201
190506 0839 4 5714746026 00201
190506 0840 1 2394843026 00210
190506 0841 2 2394843026 00210
190506 0843 1 2394843026 00210
190506 0843 2 2394843026 00210
190506 0846 4 5714746026 00201
190506 0849 1 3213553141 00195
190506 0849 2 3213553141 00195
190506 0852 1 2742353498 00146
190506 0852 2 2742353498 00146
190506 0853 4 0024646619 00169
190506 0853 1 2744845370 00079
190506 0853 2 2744845370 00079
190506 0857 1 2742353498 00146
190506 0857 2 2742353498 00146
190506 0858 1 2744845370 00079
190506 0858 2 2744845370 00079
190506 0859 1 2742353514 00192
190506 0859 2 2394843026 00210
190506 0859 2 2742353514 00192
190506 0900 1 3214223381 00188
190506 0900 1 3465808053 00177
190506 0901 2 3465808053 00177
190506 0905 1 3690229446 00183
190506 0905 2 3690229446 00183
190506 0907 1 3214223381 00188
190506 0908 2 2742353514 00192
190506 0908 2 3214223381 00188
190506 0909 2 3465808053 00177
190506 0909 2 2742353498 00146
190506 0911 4 5714746026 00201
190506 0911 1 2732830658 00207
190506 0911 1 2393511778 00205
190506 0911 2 2732830658 00207
190506 0912 2 2393511778 00205
190506 0915 2 2732830658 00207
190506 0917 2 3690229446 00183
190506 0922 1 1166545250 00208
190506 0922 2 1166545250 00208
190506 0923 2 2742353514 00192
190506 0923 2 3214223381 00188
190506 0926 1 3180611065 00152
190506 0926 2 3180611065 00152
190506 0927 2 1166545250 00208
190506 0928 3 3214505957 00202
190506 0928 4 3214505957 00202
190506 0931 1 3145645846 00198
190506 0931 4 3214505957 00202
190506 0931 2 3145645846 00198
190506 0931 2 0025842283 00158
190506 0934 1 3466748197 00150
190506 0934 2 3466748197 00150
190506 0935 1 4286217980 00905
190506 0935 2 4286217980 00905
190506 0936 2 3214223381 00188
190506 0937 2 2742353514 00192
190506 0937 2 3690229446 00183
190506 0938 2 3180611065 00152
190506 0940 2 2742353498 00146
190506 0940 3 3595204294 00193
190506 0940 4 3595204294 00193
190506 0942 1 3391149413 00181
190506 0942 2 3391149413 00181
190506 0942 4 2742354762 00047
190506 0943 2 4286217980 00905
190506 0943 2 4286217980 00905
190506 0945 4 2742354762 00047
190506 0946 2 4286217980 00905
190506 0947 1 1484663634 00166
190506 0947 1 6238034684 00171
190506 0947 2 1484663634 00166
190506 0947 1 3214017429 00180
190506 0947 2 3214017429 00180
190506 0948 2 2393511778 00205
190506 0950 1 3466658213 00186
190506 0950 2 3466658213 00186
190506 0954 4 3595204294 00193
190506 0957 1 3180300217 00153
190506 0958 2 3180300217 00153
190506 1000 1 2394843026 00210
190506 1002 1 6355944412 00000
190506 1000 2 2394843026 00210
190506 1002 2 3214223381 00188
190506 1004 1 3466733797 00190
190506 1004 2 3466733797 00190
190506 1004 2 3180300217 00153
190506 1007 1 3466658213 00186
190506 1007 1 3466733797 00190
190506 1007 2 3466733797 00190
190506 1009 1 2732830658 00207
190506 1009 2 2732830658 00207
190506 1011 4 5714746026 00201
190506 1021 1 3145645846 00198
190506 1021 4 3214505957 00202
190506 1021 2 3145645846 00198
190506 1027 1 3466748197 00150
190506 1027 2 3466748197 00150
190506 1028 1 2742353498 00146
190506 1028 2 2742353498 00146
190506 1032 4 0674051067 00004
190506 1033 1 3690229446 00183
190506 1033 2 3690229446 00183
190506 1036 2 3214223381 00188
190506 1044 2 3214223381 00188
190506 1045 2 3465808053 00177
190506 1046 2 3180611065 00152
190506 1051 2 3180611065 00152
190506 1053 2 0025842283 00158
190506 1054 2 3213553141 00195
190506 1057 2 3214223381 00188
190506 1057 4 3214505957 00202
190506 1058 2 2744845370 00079
190506 1103 2 2742353514 00192
190506 1107 4 0024646619 00169
190506 1115 2 0674051067 00004
190506 1117 2 3690229446 00183
190506 1117 2 3214017429 00180
190506 1118 2 1166545250 00208
190506 1120 2 2732830658 00207
190506 1121 2 2742353514 00192
190506 1124 2 3466733797 00190
190506 1125 4 2742354762 00047
190506 1126 2 6237865324 00032
190506 1130 2 3466658213 00186
190506 1132 4 0674051067 00004
190506 1134 2 3466748197 00150
190506 1142 2 3214017429 00180
190506 1144 1 3214223381 00188
190506 1150 1 3213553141 00195
190506 1150 2 3213553141 00195
190506 1151 1 3180300217 00153
190506 1151 2 3180300217 00153
190506 1152 2 4286217980 00905
190506 1152 2 3180300217 00153
190506 1152 2 3214223381 00188
190506 1157 4 3595204294 00193
190506 1157 4 0024646619 00169
190506 1158 1 3214223381 00188
190506 1158 2 2393511778 00205
190506 1159 2 3180611065 00152
190506 1201 1 1484663634 00166
190506 1201 2 1484663634 00166
190506 1201 1 0674051067 00004
190506 1202 2 0674051067 00004
190506 1203 2 3214223381 00188
190506 1203 2 5714746026 00201
190506 1204 4 3595204294 00193
190506 1204 2 2394843026 00210
190506 1204 1 2742353514 00192
190506 1204 4 3595204294 00193
190506 1205 2 2742353514 00192
190506 1206 2 3466658213 00186
190506 1206 2 6355944412 00000
190506 1207 4 0024646619 00169
190506 1208 2 2742353514 00192
190506 1209 2 0025842283 00158
190506 1210 2 3391149413 00181
190506 1211 1 3145645846 00198
190506 1211 1 2742353498 00146
190506 1211 2 2742353498 00146
190506 1212 1 3466733797 00190
190506 1212 4 5714746026 00201
190506 1212 4 0024646619 00169
190506 1213 2 3690229446 00183
190506 1214 1 2394843026 00210
190506 1214 2 2394843026 00210
190506 1216 1 3465808053 00177
190506 1216 2 3465808053 00177
190506 1218 1 2742353498 00146
190506 1218 2 2742353498 00146
190506 1218 1 4286217980 00905
190506 1218 2 3180611065 00152
190506 1218 2 4286217980 00905
190506 1219 2 3180300217 00153
190506 1223 2 2732830658 00207
190506 1224 4 3214505957 00202
190506 1227 2 6237865324 00032
190506 1228 4 2742354762 00047
190506 1232 2 1484663634 00166
190506 1233 2 6237865324 00032
190506 1234 2 2394843026 00210
190506 1236 4 0674051067 00004
190506 1237 3 1166545250 00208
190506 1237 4 1166545250 00208
190506 1237 4 5714746026 00201
190506 1237 2 2742353498 00146
190506 1238 2 6238034684 00171
190506 1238 2 3213553141 00195
190506 1241 2 3180611065 00152
190506 1243 2 2393511778 00205
190506 1244 4 5714746026 00201
190506 1247 2 0674051067 00004
190506 1247 2 3465808053 00177
190506 1248 1 2744845370 00079
190506 1250 2 3213553141 00195
190506 1252 2 3465808053 00177
190506 1253 2 3690229446 00183
190506 1255 2 2732830658 00207
190506 1256 2 3180611065 00152
190506 1257 1 2393511778 00205
190506 1258 2 2393511778 00205
190506 1300 2 6238034684 00171
190506 1302 1 6238034684 00171
190506 1303 4 5713740026 00175
190506 1306 2 3690229446 00183
190506 1306 2 4286217980 00905
190506 1306 2 2742353498 00146
190506 1308 2 3180300217 00153
190506 1315 4 3595204294 00193
190506 1316 2 3391149413 00181
190506 1317 2 3214017429 00180
190506 1320 2 5713740026 00175
190506 1323 2 3466658213 00186
190506 1324 4 3214505957 00202
190506 1324 2 2744845370 00079
190506 1326 4 0674051067 00004
190506 1327 2 2742353498 00146
190506 1329 2 5713740026 00175
190506 1330 2 3214223381 00188
190506 1330 1 1166545250 00208
190506 1330 1 2393511778 00205
190506 1331 2 2393511778 00205
190506 1331 2 3214223381 00188
190506 1333 4 0024646619 00169
190506 1333 1 3466733797 00190
190506 1333 2 3466733797 00190
190506 1335 4 3595204294 00193
190506 1335 2 1484663634 00166
190506 1336 1 2732830658 00207
190506 1336 2 2732830658 00207
190506 1337 2 2394843026 00210
190506 1337 1 3180300217 00153
190506 1338 2 3180300217 00153
190506 1341 1 3466658213 00186
190506 1341 2 3466658213 00186
190506 1342 2 3466748197 00150
190506 1342 2 6355944412 00000
190506 1343 2 0025842283 00158
190506 1345 2 2393511778 00205
190506 1347 4 5714746026 00201
190506 1348 2 0674051067 00004
190506 1356 4 0674051067 00004
190506 1400 2 3214017429 00180
190506 1403 2 4286217980 00905
190506 1404 2 4286217980 00905
190506 1407 2 4286217980 00905
190506 1416 2 6237865324 00032
190506 1419 4 3214505957 00202
190506 1419 2 2394843026 00210
190506 1422 4 2742354762 00047
190506 1423 2 3466748197 00150
190506 1435 2 3466658213 00186
190506 1437 4 5713740026 00175
190506 1441 2 0025842283 00158
190506 1454 2 2744845370 00079
190506 1456 4 0024646619 00169
190506 1457 4 0674051067 00004
190506 1502 2 3690229446 00183
190506 1514 2 6237865324 00032
190506 1516 2 2393511778 00205
190506 1518 2 3213553141 00195
190506 1518 4 3214505957 00202
190506 1520 2 3214223381 00188
190506 1520 4 3595204294 00193
190506 1521 4 3214505957 00202
190506 1529 2 3214223381 00188
190506 1530 2 3466748197 00150
190506 1531 2 3214017429 00180
190506 1533 1 2394843026 00210
190506 1534 2 2394843026 00210
190506 1537 1 4286217980 00905
190506 1537 2 4286217980 00905
190506 1542 2 6355944412 00000
190506 1550 2 3690229446 00183
190506 1552 2 2744845370 00079
190506 1553 2 1484663634 00166
190506 1554 2 3180300217 00153
190506 1554 2 0674051067 00004
190506 1557 2 3466733797 00190
190506 1601 4 3214505957 00202
190506 1602 2 3213553141 00195
190506 1602 2 2744845370 00079
190506 1604 2 4286217980 00905
190506 1604 2 3214223381 00188
190506 1607 2 2393511778 00205
190506 1609 4 2742354762 00047
190506 1612 2 3465808053 00177
190506 1614 2 2732830658 00207
190506 1615 2 1166545250 00208
190506 1615 2 3465808053 00177
190506 1618 4 0674051067 00004
190506 1621 2 3214223381 00188
190506 1622 2 3466733797 00190
190506 1623 2 6237865324 00032
190506 1624 4 5714746026 00201
190506 1629 1 3214017429 00180
190506 1629 2 3214017429 00180
190506 1629 2 3466658213 00186
190506 1632 1 2394843026 00210
190506 1632 2 2394843026 00210
190506 1633 1 3214223381 00188
190506 1633 1 5713740026 00175
190506 1633 2 5713740026 00175
190506 1639 4 0024646619 00169
190506 1645 4 3595204294 00193
190506 1646 1 2742353498 00146
190506 1646 2 2742353498 00146
190506 1647 1 2393511778 00205
190506 1647 2 2393511778 00205
190506 1651 1 3690229446 00183
190506 1651 2 3690229446 00183
190506 1658 4 5714746026 00201
190506 1714 2 3214223381 00188
190506 1716 1 3690229446 00183
190506 1716 2 3690229446 00183
190506 1724 2 3180300217 00153
190506 1727 1 1166545250 00208
190506 1728 2 1166545250 00208
190506 1728 1 3466748197 00150
190506 1728 2 3466748197 00150
190506 1734 1 6237865324 00032
190506 1735 2 6237865324 00032
190506 1735 4 5713740026 00175
190506 1740 4 0024646619 00169
190506 1742 1 1484663634 00166
190506 1742 2 1484663634 00166
190506 1744 1 1484663634 00166
190506 1744 2 1484663634 00166
190506 1744 1 0025842283 00158
190506 1746 1 3214017429 00180
190506 1746 2 3214017429 00180
190506 1749 1 2732830658 00207
190506 1749 2 2732830658 00207
190506 1755 1 2394843026 00210
190506 1755 2 2394843026 00210
190506 1758 4 3214505957 00202
190506 1759 1 2742353498 00146
190506 1759 2 4286217980 00905
190506 1800 1 3214223381 00188
190506 1800 2 2393511778 00205
190506 1801 1 2732830658 00207
190506 1801 2 2732830658 00207
190506 1801 4 5714746026 00201
190506 1801 1 3213553141 00195
190506 1801 3 0024646619 00169
190506 1802 2 3213553141 00195
190506 1802 3 0024646619 00169
190506 1802 1 2742353498 00146
190506 1802 2 2742353498 00146
190506 1802 1 2744845370 00079
190506 1802 2 2744845370 00079
190506 1806 1 6237865324 00032
190506 1806 2 6237865324 00032
190506 1806 3 5714746026 00201
190506 1806 3 5714746026 00201
190506 1813 1 1484663634 00166
190506 1813 2 1484663634 00166
190506 1818 2 2394843026 00210
190506 1819 1 3213553141 00195
190506 1829 1 1166545250 00208
190506 1831 1 3180300217 00153
190506 1831 2 3180300217 00153
190506 1832 1 3180300217 00153
190506 1840 1 3465808053 00177
190506 1844 1 3466748197 00150
190506 1845 2 3466748197 00150
190506 1848 1 1484663634 00166
190506 1848 1 0025842283 00158
190506 1849 2 0025842283 00158
190506 1851 2 3466658213 00186
190506 1854 2 2394843026 00210
190506 1854 2 3466733797 00190
190506 1855 2 2393511778 00205
190506 1859 4 0674051067 00004
190506 1902 1 3391149413 00181
190506 1905 1 2393511778 00205
190506 1907 4 3595204294 00193
190506 1908 1 3690229446 00183
190506 1908 1 2732830658 00207
190506 1909 1 3466748197 00150
190506 1910 1 2742353498 00146
190506 1910 1 3466658213 00186
190506 1911 3 3595204294 00193
190506 1912 1 3214017429 00180
190506 1916 4 3214505957 00202
190506 1918 4 3214505957 00202
190506 1922 3 3214505957 00202
190506 1941 1 6237865324 00032
190506 1942 2 6237865324 00032
190506 1954 1 2394843026 00210
190506 1954 2 2394843026 00210
190506 2002 1 2744845370 00079
190506 2015 1 6237865324 00032
190506 2058 2 2394843026 00210
190506 2058 1 2394843026 00210
