190503 0807 1 6237865324 00032
190503 0809 2 6237865324 00032
190503 0815 1 6237865324 00032
190503 0815 2 6237865324 00032
190503 0822 3 0024646619 00169
190503 0823 3 0024646619 00169
190503 0825 4 0024646619 00169
190503 0825 4 0024646619 00169
190503 0828 3 5714746026 00201
190503 0828 3 5714746026 00201
190503 0828 4 5714746026 00201
190503 0835 4 5714746026 00201
190503 0839 4 0024646619 00169
190503 0840 1 3213553141 00195
190503 0840 1 3214223381 00188
190503 0840 2 3213553141 00195
190503 0842 2 3465808053 00177
190503 0842 2 3213553141 00195
190503 0844 4 5714746026 00201
190503 0845 1 2742353498 00146
190503 0845 2 2742353498 00146
190503 0848 2 3214223381 00188
190503 0849 2 3465808053 00177
190503 0856 2 2394843026 00210
190503 0906 1 2732830658 00207
190503 0907 2 2732830658 00207
190503 0908 1 2744845370 00079
190503 0908 2 2744845370 00079
190503 0910 2 2732830658 00207
190503 0911 2 2744845370 00079
190503 0911 1 2393511778 00205
190503 0912 2 2393511778 00205
190503 0915 1 1166545250 00208
190503 0915 2 2732830658 00207
190503 0915 3 3595204294 00193
190503 0916 4 3595204294 00193
190503 0916 1 3466748197 00150
190503 0917 2 3466748197 00150
190503 0919 2 1166545250 00208
190503 0921 4 0024646619 00169
190503 0927 1 4435111614 00164
190503 0927 1 3214017429 00180
190503 0927 2 3214017429 00180
190503 0929 4 3595204294 00193
190503 0930 1 3690229446 00183
190503 0930 2 3690229446 00183
190503 0931 3 3214505957 00202
190503 0931 4 3214505957 00202
190503 0932 4 3595204294 00193
190503 0932 1 3214017429 00180
190503 0933 1 3145645846 00198
190503 0934 2 1166545250 00208
190503 0934 2 3145645846 00198
190503 0935 2 3690229446 00183
190503 0936 2 3214017429 00180
190503 0938 2 6355944412 00000
190503 0938 4 2742354762 00047
190503 0940 1 3391149413 00181
190503 0940 2 3391149413 00181
190503 0941 1 3466658213 00186
190503 0941 2 3466658213 00186
190503 0941 4 2742354762 00047
190503 0943 4 0674051067 00004
190503 0943 1 6238034684 00171
190503 0943 2 6238034684 00171
190503 0944 1 3180611065 00152
190503 0944 2 3180611065 00152
190503 0948 2 3466658213 00186
190503 0948 2 3466748197 00150
190503 0955 2 3466733797 00190
190503 0959 2 2744845370 00079
190503 1002 2 2393511778 00205
190503 1005 2 2394843026 00210
190503 1007 4 3214505957 00202
190503 1007 2 2742353498 00146
190503 1010 2 3214017429 00180
190503 1011 1 3180300217 00153
190503 1011 2 3180300217 00153
190503 1013 1 1484663634 00166
190503 1014 2 1484663634 00166
190503 1018 4 5714746026 00201
190503 1020 4 3595204294 00193
190503 1022 1 6237865324 00032
190503 1022 2 6237865324 00032
190503 1023 1 2732830658 00207
190503 1024 2 2732830658 00207
190503 1024 1 3466658213 00186
190503 1024 2 3466658213 00186
190503 1029 1 3145645846 00198
190503 1030 2 3145645846 00198
190503 1031 1 2744845370 00079
190503 1031 2 2744845370 00079
190503 1032 1 3213553141 00195
190503 1032 2 3213553141 00195
190503 1035 1 3180300217 00153
190503 1036 2 3180300217 00153
190503 1037 4 0024646619 00169
190503 1042 1 3465808053 00177
190503 1042 2 3465808053 00177
190503 1048 4 2742354762 00047
190503 1053 1 2393511778 00205
190503 1053 2 2393511778 00205
190503 1054 4 3595204294 00193
190503 1056 1 2394843026 00210
190503 1057 2 2394843026 00210
190503 1058 4 3214505957 00202
190503 1101 1 3690229446 00183
190503 1101 2 2732830658 00207
190503 1102 4 2393511778 00205
190503 1102 1 1484663634 00166
190503 1103 2 1484663634 00166
190503 1103 1 2393511778 00205
190503 1104 2 2393511778 00205
190503 1115 1 3214017429 00180
190503 1115 2 3214017429 00180
190503 1119 4 5713740026 00175
190503 1120 1 3145645846 00198
190503 1120 2 3145645846 00198
190503 1125 2 3145645846 00198
190503 1131 1 6237865324 00032
190503 1132 2 6237865324 00032
190503 1139 4 0674051067 00004
190503 1141 2 0674051067 00004
190503 1142 2 2393511778 00205
190503 1142 1 3466658213 00186
190503 1147 2 4435111614 00164
190503 1148 1 3213553141 00195
190503 1148 2 3213553141 00195
190503 1152 4 0674051067 00004
190503 1153 1 1166545250 00208
190503 1154 2 1166545250 00208
190503 1154 4 0024646619 00169
190503 1200 1 2393511778 00205
190503 1200 2 2393511778 00205
190503 1201 1 2732830658 00207
190503 1201 2 2732830658 00207
190503 1202 4 0024646619 00169
190503 1211 2 2394843026 00210
190503 1213 4 3214505957 00202
190503 1216 2 4435111614 00164
190503 1216 2 6355944412 00000
190503 1217 2 3180300217 00153
190503 1221 2 3465808053 00177
190503 1227 1 6237865324 00032
190503 1228 2 6237865324 00032
190503 1229 4 2742354762 00047
190503 1233 1 6237865324 00032
190503 1233 2 6237865324 00032
190503 1234 1 2394843026 00210
190503 1234 2 2394843026 00210
190503 1237 3 1166545250 00208
190503 1237 4 1166545250 00208
190503 1238 4 5713740026 00175
190503 1242 1 3466748197 00150
190503 1242 2 3466748197 00150
190503 1243 4 3595204294 00193
190503 1248 4 0674051067 00004
190503 1249 1 2744845370 00079
190503 1249 2 2744845370 00079
190503 1250 1 3213553141 00195
190503 1251 4 5714746026 00201
190503 1251 2 3213553141 00195
190503 1252 4 3595204294 00193
190503 1255 1 2732830658 00207
190503 1255 2 2732830658 00207
190503 1258 1 2742353514 00192
190503 1258 2 2742353514 00192
190503 1259 1 3180611065 00152
190503 1300 2 3180611065 00152
190503 1300 4 5714746026 00201
190503 1300 1 3180611065 00152
190503 1301 2 3180611065 00152
190503 1301 1 3213553141 00195
190503 1301 2 3213553141 00195
190503 1303 4 0024646619 00169
190503 1305 1 3466748197 00150
190503 1306 2 3466748197 00150
190503 1308 4 5713740026 00175
190503 1310 2 3391149413 00181
190503 1311 2 3180611065 00152
190503 1313 2 6238034684 00171
190503 1313 1 3180611065 00152
190503 1315 2 3180300217 00153
190503 1316 2 3690229446 00183
190503 1320 2 4435111614 00164
190503 1323 1 2742353498 00146
190503 1323 2 2742353498 00146
190503 1327 1 2742353514 00192
190503 1327 2 2742353514 00192
190503 1327 1 3465808053 00177
190503 1327 2 3465808053 00177
190503 1328 4 3214505957 00202
190503 1328 1 2744845370 00079
190503 1328 2 2744845370 00079
190503 1330 2 3214223381 00188
190503 1330 1 2732830658 00207
190503 1330 2 2732830658 00207
190503 1330 4 0024646619 00169
190503 1332 2 4435111614 00164
190503 1332 4 3595204294 00193
190503 1334 2 1166545250 00208
190503 1335 2 3145645846 00198
190503 1337 2 2394843026 00210
190503 1338 2 2732830658 00207
190503 1340 2 2742353514 00192
190503 1341 2 3214017429 00180
190503 1341 2 2732830658 00207
190503 1346 2 0674051067 00004
190503 1347 2 3145645846 00198
190503 1346 3 3214017429 00180
190503 1347 4 2742354762 00047
190503 1348 4 3214505957 00202
190503 1349 4 3214505957 00202
190503 1350 2 3466658213 00186
190503 1351 4 5714746026 00201
190503 1351 2 6355944412 00000
190503 1352 2 6237865324 00032
190503 1353 4 3466733797 00190
190503 1353 2 4435111614 00164
190503 1354 2 3214223381 00188
190503 1355 4 3214017429 00180
190503 1355 4 3466658213 00186
190503 1356 4 2394843026 00210
190503 1356 4 3180300217 00153
190503 1357 4 2732830658 00207
190503 1357 3 4285846892 00200
190503 1357 4 4285846892 00200
190503 1359 4 2393511778 00205
190503 1359 4 2393511778 00205
190503 1359 4 2393511778 00205
190503 1400 4 4285846892 00200
190503 1400 4 2744845370 00079
190503 1401 4 3391149413 00181
190503 1402 4 4435111614 00164
190503 1402 4 4285846892 00200
190503 1408 4 6355944412 00000
190503 1412 4 5713740026 00175
190503 1418 4 2742353498 00146
190503 1426 1 3214223381 00188
190503 1433 4 3595204294 00193
190503 1433 1 1484663634 00166
190503 1433 2 1484663634 00166
190503 1436 1 1484663634 00166
190503 1436 2 1484663634 00166
190503 1438 4 3595204294 00193
190503 1511 1 3466748197 00150
190503 1511 1 2742353514 00192
190503 1511 2 2742353514 00192
190503 1511 1 6355944412 00000
190503 1511 2 6355944412 00000
190503 1512 1 3213553141 00195
190503 1513 2 2394843026 00210
190503 1514 2 2742353514 00192
190503 1515 2 3466748197 00150
190503 1515 2 5713740026 00175
190503 1515 2 3180300217 00153
190503 1515 2 3391149413 00181
190503 1516 2 3180300217 00153
190503 1516 1 6238034684 00171
190503 1517 2 6238034684 00171
190503 1517 2 3214223381 00188
190503 1518 2 3213553141 00195
190503 1521 1 3466733797 00190
190503 1522 2 3466733797 00190
190503 1522 2 2742353514 00192
190503 1526 2 6237865324 00032
190503 1528 1 3466733797 00190
190503 1528 2 3466733797 00190
190503 1528 1 6237865324 00032
190503 1529 2 6237865324 00032
190503 1530 1 2394843026 00210
190503 1531 2 2394843026 00210
190503 1544 1 2744845370 00079
190503 1544 2 2744845370 00079
190503 1547 1 1484663634 00166
190503 1547 2 1484663634 00166
190503 1552 1 3214505957 00202
190503 1553 2 3214505957 00202
190503 1553 2 4435111614 00164
190503 1554 2 3145645846 00198
190503 1556 2 2744845370 00079
190503 1557 2 2393511778 00205
190503 1604 2 2742353514 00192
190503 1604 1 3391149413 00181
190503 1604 2 3180300217 00153
190503 1605 2 3466733797 00190
190503 1606 1 3465808053 00177
190503 1606 2 3465808053 00177
190503 1620 1 1166545250 00208
190503 1620 2 1166545250 00208
190503 1621 1 3145645846 00198
190503 1621 2 3145645846 00198
190503 1627 1 3214223381 00188
190503 1627 1 3466658213 00186
190503 1628 2 3466658213 00186
190503 1630 1 6237865324 00032
190503 1630 2 6237865324 00032
190503 1650 1 3214017429 00180
190503 1650 2 3214017429 00180
190503 1651 1 3690229446 00183
190503 1651 2 3690229446 00183
190503 1658 1 3466748197 00150
190503 1659 2 3466748197 00150
190503 1702 2 3466733797 00190
190503 1703 1 2744845370 00079
190503 1703 2 2744845370 00079
190503 1706 1 1484663634 00166
190503 1706 2 1484663634 00166
190503 1706 1 2742353514 00192
190503 1707 4 5713740026 00175
190503 1707 2 2742353514 00192
190503 1708 3 4285846892 00200
190503 1709 4 4285846892 00200
190503 1710 4 4285846892 00200
190503 1715 2 3214017429 00180
190503 1716 2 6355944412 00000
190503 1717 2 3213553141 00195
190503 1718 2 3214223381 00188
190503 1720 2 1166545250 00208
190503 1724 4 3214505957 00202
190503 1724 2 4285846892 00200
190503 1733 4 3595204294 00193
190503 1735 2 2394843026 00210
190503 1741 2 3466733797 00190
190503 1741 2 2393511778 00205
190503 1743 2 2742353514 00192
190503 1745 2 3214017429 00180
190503 1745 4 5714746026 00201
190503 1751 2 6237865324 00032
190503 1752 2 3690229446 00183
190503 1753 2 2744845370 00079
190503 1756 2 3214223381 00188
190503 1756 2 3690229446 00183
190503 1756 3 4285846892 00200
190503 1757 4 4285846892 00200
190503 1757 2 3213553141 00195
190503 1758 2 2732830658 00207
190503 1759 4 0674051067 00004
190503 1800 4 0024646619 00169
190503 1801 2 2732830658 00207
190503 1802 2 1166545250 00208
190503 1803 2 3690229446 00183
190503 1804 1 3214223381 00188
190503 1804 3 5714746026 00201
190503 1805 1 2742353514 00192
190503 1806 3 0024646619 00169
190503 1807 1 2393511778 00205
190503 1807 2 2393511778 00205
190503 1808 1 1484663634 00166
190503 1809 2 1484663634 00166
190503 1810 1 3213553141 00195
190503 1815 3 4285846892 00200
190503 1820 1 1166545250 00208
190503 1821 2 1166545250 00208
190503 1836 1 3466658213 00186
190503 1837 4 3595204294 00193
190503 1838 1 3180300217 00153
190503 1838 2 3180300217 00153
190503 1839 2 3180300217 00153
190503 1844 1 2393511778 00205
190503 1846 1 2744845370 00079
190503 1847 4 3214505957 00202
190503 1848 1 1166545250 00208
190503 1848 4 3214505957 00202
190503 1850 3 3595204294 00193
190503 1854 1 2732830658 00207
190503 1854 2 2732830658 00207
190503 1856 1 3214017429 00180
190503 1856 2 3214017429 00180
190503 1904 2 3466658213 00186
190503 1906 2 3180300217 00153
190503 1907 1 3180300217 00153
190503 1907 2 2742353498 00146
190503 1908 2 4435111614 00164
190503 1910 1 3690229446 00183
190503 1910 1 2732830658 00207
190503 1910 1 3145645846 00198
190503 1910 1 2742353498 00146
190503 1910 1 4435111614 00164
190503 1910 1 3466658213 00186
190503 1910 1 3214017429 00180
190503 1911 1 3466748197 00150
190503 1911 2 3466748197 00150
190503 1914 2 6237865324 00032
190503 1922 1 6238034684 00171
190503 1928 1 6237865324 00032
190503 1928 2 6237865324 00032
190503 1934 1 3465808053 00177
190503 1934 2 3391149413 00181
190503 1936 2 2394843026 00210
190503 1938 1 2394843026 00210
190503 1939 2 2394843026 00210
190503 1941 1 3391149413 00181
190503 2013 1 6237865324 00032
190503 2047 4 3214505957 00202
190503 2049 3 3214505957 00202
