190401 0749 1 6237865324 00032
190401 0749 2 6237865324 00032
190401 0756 1 6237865324 00032
190401 0757 2 6237865324 00032
190401 0820 3 0024646619 00169
190401 0820 3 0024646619 00169
190401 0822 4 0024646619 00169
190401 0833 4 0024646619 00169
190401 0841 1 3465808053 00177
190401 0841 2 3465808053 00177
190401 0845 1 3465808053 00177
190401 0845 2 3465808053 00177
190401 0851 1 0024646619 00169
190401 0852 2 0024646619 00169
190401 0857 3 5714746026 00201
190401 0857 3 5714746026 00201
190401 0858 4 5714746026 00201
190401 0900 1 2742353498 00146
190401 0901 2 2742353498 00146
190401 0902 1 2744845370 00079
190401 0902 2 2744845370 00079
190401 0903 4 0024646619 00169
190401 0905 1 2394843026 00210
190401 0905 2 2394843026 00210
190401 0905 1 2744845370 00079
190401 0906 2 2744845370 00079
190401 0907 4 5714746026 00201
190401 0909 1 4435111614 00164
190401 0909 1 2393511778 00205
190401 0910 2 4435111614 00164
190401 0914 1 0024646619 00169
190401 0915 2 0024646619 00169
190401 0916 1 2732830658 00207
190401 0916 2 2732830658 00207
190401 0916 1 3213553141 00195
190401 0917 2 3213553141 00195
190401 0918 1 3145526534 00199
190401 0918 2 3145526534 00199
190401 0919 1 2742353514 00192
190401 0920 1 3214223381 00188
190401 0920 1 0025842283 00158
190401 0920 2 0025842283 00158
190401 0920 3 3214505957 00202
190401 0920 4 0024646619 00169
190401 0920 3 4285846892 00200
190401 0920 4 3214505957 00202
190401 0921 1 3213553141 00195
190401 0922 2 3213553141 00195
190401 0922 1 2742353514 00192
190401 0922 2 2742353514 00192
190401 0923 3 4285846892 00200
190401 0923 4 4285846892 00200
190401 0924 1 2742353514 00192
190401 0924 2 2742353514 00192
190401 0925 1 1166545250 00208
190401 0926 2 1166545250 00208
190401 0926 1 3466748197 00150
190401 0927 2 3466748197 00150
190401 0927 1 0025842283 00158
190401 0927 2 0025842283 00158
190401 0927 3 3595204294 00193
190401 0928 4 3595204294 00193
190401 0929 2 3214223381 00188
190401 0931 1 3466748197 00150
190401 0931 2 3466748197 00150
190401 0932 1 3180611065 00152
190401 0932 2 3180611065 00152
190401 0934 1 3145645846 00198
190401 0934 2 3145645846 00198
190401 0934 1 3180611065 00152
190401 0935 2 3180611065 00152
190401 0939 2 2732830658 00207
190401 0939 2 6237865324 00032
190401 0941 1 6238034684 00171
190401 0941 2 6238034684 00171
190401 0941 1 3214017429 00180
190401 0942 2 3214017429 00180
190401 0943 4 0674051067 00004
190401 0943 4 3595204294 00193
190401 0945 2 3145645846 00198
190401 0946 4 2742354762 00047
190401 0948 2 6238034684 00171
190401 0949 4 3595204294 00193
190401 0949 4 2742354762 00047
190401 0949 1 3690229446 00183
190401 0950 2 3690229446 00183
190401 0950 2 2742353498 00146
190401 0953 2 6355944412 00000
190401 0954 2 1166545250 00208
190401 0955 2 3214223381 00188
190401 0957 1 3391149413 00181
190401 0957 2 3391149413 00181
190401 0958 1 3466658213 00186
190401 0958 2 3466658213 00186
190401 0959 2 3690229446 00183
190401 1002 2 3214223381 00188
190401 1004 2 3214223381 00188
190401 1004 2 2744845370 00079
190401 1006 1 3180300217 00153
190401 1006 2 3180300217 00153
190401 1012 1 1484663634 00166
190401 1012 2 1484663634 00166
190401 1013 1 3466733797 00190
190401 1014 2 3466733797 00190
190401 1015 2 0353805386 00904
190401 1018 1 0353805386 00904
190401 1018 2 0353805386 00904
190401 1023 1 4435111614 00164
190401 1024 1 3214017429 00180
190401 1024 2 3214017429 00180
190401 1024 2 4435111614 00164
190401 1025 2 0674051067 00004
190401 1029 2 3145526534 00199
190401 1031 1 2393511778 00205
190401 1031 2 2393511778 00205
190401 1032 1 6237865324 00032
190401 1032 2 6237865324 00032
190401 1033 4 0024646619 00169
190401 1034 1 2394843026 00210
190401 1034 2 2394843026 00210
190401 1035 1 3214223381 00188
190401 1036 2 3214223381 00188
190401 1037 4 5713740026 00175
190401 1037 2 3214223381 00188
190401 1038 1 2742353514 00192
190401 1039 2 2742353514 00192
190401 1044 1 3466658213 00186
190401 1044 2 3466658213 00186
190401 1045 4 3214505957 00202
190401 1046 1 6355944412 00000
190401 1046 2 6355944412 00000
190401 1050 1 1484663634 00166
190401 1051 4 2742354762 00047
190401 1052 4 3595204294 00193
190401 1052 1 3145645846 00198
190401 1052 2 3145645846 00198
190401 1057 1 3145526534 00199
190401 1058 2 3145526534 00199
190401 1058 2 3214223381 00188
190401 1058 4 3595204294 00193
190401 1100 2 0674051067 00004
190401 1104 2 3466748197 00150
190401 1108 1 2742353514 00192
190401 1108 2 2742353514 00192
190401 1111 1 3214017429 00180
190401 1111 2 3214017429 00180
190401 1114 2 3214223381 00188
190401 1116 1 1484663634 00166
190401 1116 2 1484663634 00166
190401 1117 4 5714746026 00201
190401 1117 1 3465808053 00177
190401 1117 2 3465808053 00177
190401 1117 1 5713740026 00175
190401 1118 2 5713740026 00175
190401 1118 1 3180611065 00152
190401 1118 2 3180611065 00152
190401 1125 1 3690229446 00183
190401 1126 2 2393511778 00205
190401 1128 1 2732830658 00207
190401 1128 2 0674051067 00004
190401 1128 2 2732830658 00207
190401 1130 1 0674051067 00004
190401 1130 2 0674051067 00004
190401 1132 2 3145645846 00198
190401 1132 1 6237865324 00032
190401 1133 2 6237865324 00032
190401 1133 2 3145645846 00198
190401 1135 4 3595204294 00193
190401 1136 1 1166545250 00208
190401 1137 2 1166545250 00208
190401 1137 1 0024646619 00169
190401 1137 2 3213553141 00195
190401 1140 4 0024646619 00169
190401 1142 1 0025842283 00158
190401 1143 2 0025842283 00158
190401 1145 1 4285846892 00200
190401 1145 2 4285846892 00200
190401 1146 1 3214223381 00188
190401 1148 2 4285846892 00200
190401 1148 1 6237865324 00032
190401 1148 2 6237865324 00032
190401 1150 1 0353805386 00904
190401 1150 2 0353805386 00904
190401 1151 1 3180300217 00153
190401 1151 2 3180300217 00153
190401 1155 1 3145526534 00199
190401 1155 2 3145526534 00199
190401 1157 1 3466658213 00186
190401 1157 2 3466658213 00186
190401 1158 4 3214505957 00202
190401 1201 1 3145645846 00198
190401 1201 2 3145645846 00198
190401 1201 2 5714746026 00201
190401 1203 1 3213553141 00195
190401 1203 2 3213553141 00195
190401 1204 2 4435111614 00164
190401 1205 4 5713740026 00175
190401 1206 2 2393511778 00205
190401 1208 4 3595204294 00193
190401 1211 4 3595204294 00193
190401 1211 4 3595204294 00193
190401 1212 1 2732830658 00207
190401 1212 2 2732830658 00207
190401 1215 1 1166545250 00208
190401 1215 2 1166545250 00208
190401 1215 2 2732830658 00207
190401 1215 1 3466748197 00150
190401 1215 2 0353805386 00904
190401 1215 1 2393511778 00205
190401 1216 2 3180300217 00153
190401 1216 2 3466748197 00150
190401 1218 2 3180611065 00152
190401 1220 2 2742353498 00146
190401 1225 2 3213553141 00195
190401 1226 2 6237865324 00032
190401 1227 4 2742354762 00047
190401 1227 2 2394843026 00210
190401 1229 4 5714746026 00201
190401 1229 2 1166545250 00208
190401 1232 2 6237865324 00032
190401 1233 2 3465808053 00177
190401 1237 4 3595204294 00193
190401 1239 2 2394843026 00210
190401 1240 2 3213553141 00195
190401 1241 4 5714746026 00201
190401 1241 2 3690229446 00183
190401 1242 2 2732830658 00207
190401 1244 2 3213553141 00195
190401 1245 2 6355944412 00000
190401 1246 2 3466733797 00190
190401 1248 2 3690229446 00183
190401 1248 2 2393511778 00205
190401 1249 4 0024646619 00169
190401 1253 2 2732830658 00207
190401 1254 4 0024646619 00169
190401 1255 2 3466748197 00150
190401 1259 3 4285846892 00200
190401 1259 4 4285846892 00200
190401 1304 2 3466748197 00150
190401 1309 2 3214017429 00180
190401 1310 2 0353805386 00904
190401 1311 1 2742353498 00146
190401 1312 2 2742353498 00146
190401 1312 3 4285846892 00200
190401 1314 1 3465808053 00177
190401 1314 2 3391149413 00181
190401 1316 2 3465808053 00177
190401 1317 4 3214505957 00202
190401 1319 4 3214505957 00202
190401 1319 4 5713740026 00175
190401 1321 1 2742353498 00146
190401 1321 2 2742353498 00146
190401 1323 1 3180611065 00152
190401 1323 2 3180611065 00152
190401 1327 1 2744845370 00079
190401 1327 2 2744845370 00079
190401 1329 1 1484663634 00166
190401 1329 2 1484663634 00166
190401 1329 1 6238034684 00171
190401 1330 2 6238034684 00171
190401 1330 2 3214223381 00188
190401 1330 1 2394843026 00210
190401 1332 2 3213553141 00195
190401 1332 2 0025842283 00158
190401 1332 2 3465808053 00177
190401 1333 4 0674051067 00004
190401 1334 2 3180611065 00152
190401 1337 2 3214223381 00188
190401 1339 2 3214223381 00188
190401 1340 1 0674051067 00004
190401 1341 2 0674051067 00004
190401 1341 1 3145645846 00198
190401 1341 2 3145526534 00199
190401 1342 1 2742353514 00192
190401 1343 2 2742353514 00192
190401 1344 1 1166545250 00208
190401 1344 2 3214223381 00188
190401 1345 3 0674051067 00004
190401 1346 4 0674051067 00004
190401 1347 2 3214223381 00188
190401 1348 1 6237865324 00032
190401 1348 2 6237865324 00032
190401 1355 2 4435111614 00164
190401 1357 1 2732830658 00207
190401 1358 2 2732830658 00207
190401 1400 1 3690229446 00183
190401 1402 4 0353805386 00904
190401 1404 1 6355944412 00000
190401 1404 2 6355944412 00000
190401 1404 4 2742354762 00047
190401 1409 1 2744845370 00079
190401 1409 2 2744845370 00079
190401 1412 1 3145526534 00199
190401 1413 4 0024646619 00169
190401 1413 2 3145526534 00199
190401 1415 2 2394843026 00210
190401 1419 1 0025842283 00158
190401 1419 2 0025842283 00158
190401 1420 1 2744845370 00079
190401 1421 2 2744845370 00079
190401 1428 3 2744845370 00079
190401 1428 4 6238034684 00171
190401 1428 3 1484663634 00166
190401 1432 4 3180611065 00152
190401 1433 2 2742353514 00192
190401 1436 2 2742353514 00192
190401 1437 4 5713740026 00175
190401 1441 2 3214223381 00188
190401 1445 1 3213553141 00195
190401 1445 2 3213553141 00195
190401 1452 2 0674051067 00004
190401 1452 1 3466733797 00190
190401 1453 2 3466733797 00190
190401 1453 1 2394843026 00210
190401 1453 2 2394843026 00210
190401 1455 1 3465808053 00177
190401 1457 2 3465808053 00177
190401 1503 2 2393511778 00205
190401 1505 1 3145526534 00199
190401 1505 2 3145526534 00199
190401 1505 1 0353805386 00904
190401 1506 2 0353805386 00904
190401 1507 2 3214223381 00188
190401 1508 1 2393511778 00205
190401 1509 2 3466658213 00186
190401 1516 4 2742354762 00047
190401 1521 1 0674051067 00004
190401 1521 2 0674051067 00004
190401 1521 1 2394843026 00210
190401 1521 1 0025842283 00158
190401 1522 2 0025842283 00158
190401 1522 3 0674051067 00004
190401 1525 4 0024646619 00169
190401 1526 4 3145645846 00198
190401 1528 1 3145645846 00198
190401 1529 4 3214505957 00202
190401 1529 2 2393511778 00205
190401 1530 3 0024646619 00169
190401 1530 1 3214223381 00188
190401 1536 1 2732830658 00207
190401 1536 2 2732830658 00207
190401 1537 1 3145526534 00199
190401 1537 2 3145526534 00199
190401 1542 4 3595204294 00193
190401 1544 1 2742353498 00146
190401 1545 2 2742353498 00146
190401 1550 1 5713740026 00175
190401 1551 2 5713740026 00175
190401 1551 1 3145645846 00198
190401 1551 4 2742354762 00047
190401 1551 2 3145645846 00198
190401 1551 1 6355944412 00000
190401 1552 2 6355944412 00000
190401 1554 2 4435111614 00164
190401 1555 1 3214017429 00180
190401 1555 2 3214017429 00180
190401 1557 4 5713740026 00175
190401 1600 4 6237865324 00032
190401 1602 1 3391149413 00181
190401 1602 2 3391149413 00181
190401 1603 1 2744845370 00079
190401 1603 2 2744845370 00079
190401 1605 1 0674051067 00004
190401 1606 2 0674051067 00004
190401 1606 1 2394843026 00210
190401 1607 2 2394843026 00210
190401 1607 1 1484663634 00166
190401 1607 2 1484663634 00166
190401 1609 1 6238034684 00171
190401 1610 4 0674051067 00004
190401 1610 4 5714746026 00201
190401 1612 1 3180611065 00152
190401 1613 2 3180611065 00152
190401 1613 4 0674051067 00004
190401 1613 1 6237865324 00032
190401 1614 2 6237865324 00032
190401 1626 1 2393511778 00205
190401 1627 2 2393511778 00205
190401 1628 2 2742353514 00192
190401 1631 4 3595204294 00193
190401 1632 1 3145526534 00199
190401 1632 2 3145526534 00199
190401 1633 4 3595204294 00193
190401 1636 2 3214223381 00188
190401 1638 1 3466658213 00186
190401 1639 2 3466658213 00186
190401 1641 1 3466658213 00186
190401 1641 2 3466658213 00186
190401 1649 1 2394843026 00210
190401 1650 2 2394843026 00210
190401 1650 2 3214223381 00188
190401 1650 4 2393511778 00205
190401 1650 1 1166545250 00208
190401 1651 2 1166545250 00208
190401 1654 1 2393511778 00205
190401 1654 2 2393511778 00205
190401 1654 1 3690229446 00183
190401 1655 2 3690229446 00183
190401 1656 4 3465808053 00177
190401 1657 1 3466658213 00186
190401 1658 2 3466658213 00186
190401 1658 1 3465808053 00177
190401 1659 2 3465808053 00177
190401 1701 1 4435111614 00164
190401 1702 2 4435111614 00164
190401 1709 2 3214223381 00188
190401 1711 1 3180300217 00153
190401 1711 2 3180300217 00153
190401 1711 2 3145645846 00198
190401 1716 1 2732830658 00207
190401 1716 2 2732830658 00207
190401 1722 1 3145645846 00198
190401 1722 2 3145645846 00198
190401 1732 1 3214223381 00188
190401 1735 4 5713740026 00175
190401 1735 1 2742353498 00146
190401 1736 2 2742353498 00146
190401 1736 1 3214017429 00180
190401 1736 2 3214017429 00180
190401 1736 1 0353805386 00904
190401 1737 2 0353805386 00904
190401 1738 1 1484663634 00166
190401 1738 2 1484663634 00166
190401 1741 1 4435111614 00164
190401 1741 2 4435111614 00164
190401 1745 4 3595204294 00193
190401 1750 4 5714746026 00201
190401 1756 1 2393511778 00205
190401 1757 2 2393511778 00205
190401 1803 1 3214223381 00188
190401 1807 4 3214505957 00202
190401 1809 1 2744845370 00079
190401 1810 2 2744845370 00079
190401 1810 2 1484663634 00166
190401 1810 2 1484663634 00166
190401 1811 3 5714746026 00201
190401 1814 1 3180611065 00152
190401 1815 2 3180611065 00152
190401 1816 1 3145645846 00198
190401 1816 2 3145645846 00198
190401 1821 1 3180611065 00152
190401 1822 2 3180611065 00152
190401 1827 2 2742353514 00192
190401 1830 2 4435111614 00164
190401 1833 4 0674051067 00004
190401 1834 2 4435111614 00164
190401 1834 2 1166545250 00208
190401 1834 1 1166545250 00208
190401 1835 1 2393511778 00205
190401 1835 2 2393511778 00205
190401 1838 1 3213553141 00195
190401 1839 2 3213553141 00195
190401 1840 1 4435111614 00164
190401 1842 1 3466748197 00150
190401 1843 2 3466748197 00150
190401 1847 1 3214017429 00180
190401 1847 2 3214017429 00180
190401 1848 1 3466658213 00186
190401 1848 1 2393511778 00205
190401 1848 2 3466658213 00186
190401 1849 1 3213553141 00195
190401 1850 4 3595204294 00193
190401 1853 4 3595204294 00193
190401 1856 1 6237865324 00032
190401 1856 2 6237865324 00032
190401 1858 1 2742353498 00146
190401 1900 1 3180300217 00153
190401 1900 2 3180300217 00153
190401 1900 1 3466658213 00186
190401 1900 1 3145645846 00198
190401 1901 3 3595204294 00193
190401 1901 1 6237865324 00032
190401 1901 1 3180300217 00153
190401 1902 2 6237865324 00032
190401 1902 1 3690229446 00183
190401 1904 4 3214505957 00202
190401 1904 1 2394843026 00210
190401 1904 2 2394843026 00210
190401 1906 1 2744845370 00079
190401 1906 1 2742353514 00192
190401 1906 1 1484663634 00166
190401 1907 1 3214017429 00180
190401 1907 1 2394843026 00210
190401 1908 1 2732830658 00207
190401 1908 1 3391149413 00181
190401 1908 1 3466748197 00150
190401 1909 1 3214017429 00180
190401 1909 1 3145526534 00199
190401 1909 1 3465808053 00177
190401 1910 4 3214505957 00202
190401 1910 1 6238034684 00171
190401 1910 2 6238034684 00171
190401 1913 2 0353805386 00904
190401 1915 1 6238034684 00171
190401 1949 1 0025842283 00158
190401 1949 2 0025842283 00158
190401 1951 1 0025842283 00158
190401 2003 1 2744845370 00079
190401 2004 1 2744845370 00079
190401 2013 1 6237865324 00032
