190426 0804 1 6237865324 00032
190426 0804 2 6237865324 00032
190426 0810 1 6237865324 00032
190426 0811 2 6237865324 00032
190426 0827 3 0024646619 00169
190426 0827 3 0024646619 00169
190426 0830 4 0024646619 00169
190426 0837 1 3690229446 00183
190426 0837 2 3690229446 00183
190426 0840 3 5714746026 00201
190426 0840 3 5714746026 00201
190426 0841 4 5714746026 00201
190426 0841 1 3214223381 00188
190426 0842 2 3690229446 00183
190426 0843 2 3465808053 00177
190426 0846 1 3214223381 00188
190426 0847 2 3214223381 00188
190426 0847 2 6237865324 00032
190426 0851 1 2394843026 00210
190426 0851 2 2394843026 00210
190426 0852 1 3465808053 00177
190426 0853 2 3465808053 00177
190426 0854 4 5714746026 00201
190426 0854 1 2744845370 00079
190426 0854 2 2744845370 00079
190426 0857 1 3213553141 00195
190426 0858 2 3213553141 00195
190426 0900 2 3213553141 00195
190426 0903 3 4285846892 00200
190426 0904 4 4285846892 00200
190426 0904 1 2742353498 00146
190426 0904 2 2742353498 00146
190426 0909 2 2394843026 00210
190426 0910 4 5714746026 00201
190426 0912 3 3214505957 00202
190426 0912 4 3214505957 00202
190426 0915 2 2732830658 00207
190426 0915 4 3214505957 00202
190426 0917 2 0025842283 00158
190426 0920 1 1166545250 00208
190426 0921 1 2393511778 00205
190426 0921 2 2393511778 00205
190426 0923 2 0025842283 00158
190426 0924 1 4435111614 00164
190426 0924 2 4435111614 00164
190426 0925 2 3214223381 00188
190426 0929 1 3214017429 00180
190426 0930 2 3214017429 00180
190426 0931 3 4285846892 00200
190426 0931 4 4285846892 00200
190426 0931 1 3391149413 00181
190426 0931 2 3391149413 00181
190426 0932 2 3214223381 00188
190426 0934 2 3214223381 00188
190426 0935 1 3145645846 00198
190426 0935 2 3145645846 00198
190426 0936 2 3214017429 00180
190426 0937 1 3466658213 00186
190426 0937 2 3466658213 00186
190426 0938 4 0674051067 00004
190426 0939 2 3465808053 00177
190426 0940 2 3214223381 00188
190426 0941 2 3465808053 00177
190426 0943 3 4285846892 00200
190426 0943 4 4285846892 00200
190426 0943 2 3214223381 00188
190426 0946 2 4285846892 00200
190426 0947 2 3214223381 00188
190426 0947 2 6237865324 00032
190426 0948 2 3690229446 00183
190426 0948 1 6238034684 00171
190426 0948 2 6238034684 00171
190426 0950 4 0674051067 00004
190426 0954 2 6237865324 00032
190426 0958 1 4286217980 00905
190426 0958 2 4286217980 00905
190426 1000 2 6237865324 00032
190426 1002 1 3180300217 00153
190426 1002 2 3180300217 00153
190426 1005 2 3465808053 00177
190426 1006 3 4286217980 00905
190426 1007 1 3466658213 00186
190426 1007 2 3466658213 00186
190426 1019 2 3180300217 00153
190426 1019 2 1484663634 00166
190426 1019 1 2394843026 00210
190426 1020 2 2394843026 00210
190426 1020 1 2744845370 00079
190426 1021 2 2744845370 00079
190426 1025 4 0024646619 00169
190426 1026 1 2393511778 00205
190426 1026 2 2393511778 00205
190426 1027 4 0674051067 00004
190426 1029 2 0025842283 00158
190426 1029 4 0024646619 00169
190426 1030 4 4285846892 00200
190426 1031 1 4286217980 00905
190426 1032 1 2742353498 00146
190426 1032 2 2742353498 00146
190426 1035 1 3214017429 00180
190426 1035 2 3214017429 00180
190426 1040 4 3214505957 00202
190426 1044 2 1484663634 00166
190426 1046 2 4435111614 00164
190426 1052 2 2732830658 00207
190426 1105 2 3145645846 00198
190426 1106 2 3213553141 00195
190426 1108 2 2742353498 00146
190426 1112 2 3214223381 00188
190426 1115 4 3214505957 00202
190426 1118 2 1166545250 00208
190426 1127 4 4285846892 00200
190426 1132 2 2744845370 00079
190426 1133 2 4435111614 00164
190426 1143 4 0024646619 00169
190426 1150 1 0025842283 00158
190426 1150 2 0025842283 00158
190426 1152 4 0674051067 00004
190426 1159 4 5714746026 00201
190426 1200 1 2394843026 00210
190426 1200 2 2394843026 00210
190426 1201 4 4285846892 00200
190426 1201 1 3214146485 00179
190426 1201 2 0024646619 00169
190426 1207 4 0024646619 00169
190426 1207 4 3214505957 00202
190426 1217 2 1166545250 00208
190426 1218 2 3180300217 00153
190426 1220 2 3214223381 00188
190426 1220 2 4435111614 00164
190426 1222 2 3214223381 00188
190426 1223 2 3391149413 00181
190426 1233 2 2394843026 00210
190426 1234 2 1166545250 00208
190426 1243 4 0024646619 00169
190426 1250 2 0025842283 00158
190426 1252 2 0025842283 00158
190426 1252 2 3213553141 00195
190426 1253 4 5713740026 00175
190426 1255 2 3180611065 00152
190426 1256 2 5713740026 00175
190426 1301 2 3466565125 00900
190426 1302 2 2742353498 00146
190426 1303 2 4286217980 00905
190426 1303 4 0024646619 00169
190426 1304 2 3180300217 00153
190426 1304 2 4435111614 00164
190426 1305 4 4285846892 00200
190426 1305 2 2744845370 00079
190426 1306 4 4285846892 00200
190426 1308 4 4285846892 00200
190426 1308 2 3690229446 00183
190426 1310 4 5713740026 00175
190426 1310 4 0674051067 00004
190426 1311 2 2732830658 00207
190426 1315 2 3391149413 00181
190426 1328 2 4285846892 00200
190426 1328 4 3214505957 00202
190426 1330 2 3214223381 00188
190426 1331 2 3145645846 00198
190426 1331 2 3214017429 00180
190426 1332 3 4285846892 00200
190426 1332 2 0025842283 00158
190426 1332 4 4285846892 00200
190426 1334 2 3180611065 00152
190426 1335 2 2732830658 00207
190426 1335 2 4286217980 00905
190426 1335 2 4286217980 00905
190426 1335 1 1166545250 00208
190426 1336 2 1166545250 00208
190426 1337 1 6237865324 00032
190426 1337 2 6237865324 00032
190426 1338 1 3466658213 00186
190426 1338 2 3213553141 00195
190426 1340 1 1484663634 00166
190426 1340 2 1484663634 00166
190426 1340 1 6238034684 00171
190426 1341 2 6238034684 00171
190426 1341 1 3214017429 00180
190426 1341 2 3214017429 00180
190426 1343 2 6237865324 00032
190426 1344 2 3214223381 00188
190426 1345 3 3214017429 00180
190426 1345 4 3214017429 00180
190426 1347 2 3145645846 00198
190426 1347 4 2744845370 00079
190426 1348 4 2742353498 00146
190426 1349 2 3465808053 00177
190426 1350 2 4435111614 00164
190426 1352 2 2744845370 00079
190426 1353 4 4285846892 00200
190426 1353 2 3180300217 00153
190426 1354 2 2732830658 00207
190426 1355 2 3213553141 00195
190426 1355 4 2744845370 00079
190426 1356 4 2394843026 00210
190426 1356 4 0024646619 00169
190426 1357 4 0025842283 00158
190426 1357 4 2742353498 00146
190426 1359 4 3214017429 00180
190426 1400 4 2732830658 00207
190426 1400 4 3180300217 00153
190426 1400 4 3391149413 00181
190426 1401 4 2393511778 00205
190426 1402 4 3690229446 00183
190426 1402 4 2393511778 00205
190426 1409 2 0674051067 00004
190426 1410 2 3214223381 00188
190426 1428 1 3214223381 00188
190426 1428 2 3214223381 00188
190426 1428 4 3214017429 00180
190426 1430 2 3214223381 00188
190426 1434 4 5713740026 00175
190426 1438 1 6237865324 00032
190426 1508 2 0674051067 00004
190426 1512 2 2394843026 00210
190426 1514 4 4286217980 00905
190426 1514 4 4286217980 00905
190426 1514 2 3213553141 00195
190426 1515 4 0024646619 00169
190426 1515 2 2394843026 00210
190426 1516 4 3214505957 00202
190426 1516 1 3690229446 00183
190426 1517 2 2742353498 00146
190426 1517 2 3690229446 00183
190426 1517 2 3145645846 00198
190426 1517 2 4286217980 00905
190426 1517 2 4435111614 00164
190426 1518 2 1166545250 00208
190426 1519 2 2393511778 00205
190426 1519 2 4286217980 00905
190426 1519 2 3213553141 00195
190426 1520 2 6238034684 00171
190426 1521 2 3180611065 00152
190426 1527 2 4435111614 00164
190426 1529 1 1484663634 00166
190426 1529 2 1484663634 00166
190426 1531 4 0024646619 00169
190426 1531 1 5713740026 00175
190426 1532 2 5713740026 00175
190426 1533 1 3145645846 00198
190426 1533 2 3145645846 00198
190426 1535 1 0674051067 00004
190426 1535 2 0674051067 00004
190426 1537 4 3214505957 00202
190426 1539 1 3391149413 00181
190426 1540 2 2394843026 00210
190426 1543 4 5714746026 00201
190426 1543 1 2732830658 00207
190426 1543 2 2732830658 00207
190426 1546 1 3690229446 00183
190426 1547 2 3690229446 00183
190426 1554 1 3466658213 00186
190426 1555 2 3466658213 00186
190426 1556 4 4285846892 00200
190426 1557 4 4285846892 00200
190426 1557 4 0025842283 00158
190426 1559 1 0025842283 00158
190426 1559 2 0025842283 00158
190426 1601 2 3214223381 00188
190426 1602 4 0674051067 00004
190426 1603 1 2393511778 00205
190426 1603 2 2393511778 00205
190426 1607 1 6238034684 00171
190426 1608 2 6238034684 00171
190426 1608 1 0025842283 00158
190426 1608 2 0025842283 00158
190426 1609 2 4435111614 00164
190426 1609 1 1484663634 00166
190426 1609 2 1484663634 00166
190426 1617 2 3214223381 00188
190426 1619 1 3213553141 00195
190426 1619 2 3213553141 00195
190426 1628 1 2394843026 00210
190426 1630 1 3214017429 00180
190426 1630 2 3214017429 00180
190426 1632 4 3214505957 00202
190426 1634 4 5713740026 00175
190426 1635 2 2393511778 00205
190426 1637 2 2394843026 00210
190426 1637 2 3180611065 00152
190426 1638 1 3465808053 00177
190426 1642 2 1484663634 00166
190426 1648 1 3145645846 00198
190426 1648 2 3145645846 00198
190426 1650 4 5713740026 00175
190426 1653 2 2394843026 00210
190426 1655 4 0024646619 00169
190426 1656 1 2394843026 00210
190426 1656 2 2394843026 00210
190426 1700 3 4285846892 00200
190426 1700 4 4285846892 00200
190426 1701 4 4285846892 00200
190426 1702 1 1166545250 00208
190426 1703 2 1166545250 00208
190426 1710 2 3213553141 00195
190426 1711 1 2744845370 00079
190426 1711 2 2744845370 00079
190426 1712 2 2744845370 00079
190426 1713 1 2393511778 00205
190426 1713 2 2393511778 00205
190426 1715 2 3465808053 00177
190426 1719 3 4285846892 00200
190426 1719 2 1484663634 00166
190426 1719 4 4285846892 00200
190426 1720 2 6237865324 00032
190426 1722 2 3466658213 00186
190426 1726 2 4435111614 00164
190426 1729 1 2393511778 00205
190426 1730 2 2393511778 00205
190426 1730 2 3690229446 00183
190426 1734 1 4435111614 00164
190426 1734 2 2394843026 00210
190426 1737 2 2732830658 00207
190426 1738 4 5714746026 00201
190426 1745 1 3213553141 00195
190426 1745 2 3213553141 00195
190426 1750 1 3690229446 00183
190426 1751 2 3690229446 00183
190426 1752 2 0674051067 00004
190426 1758 1 3466658213 00186
190426 1759 2 3466658213 00186
190426 1800 1 3214223381 00188
190426 1800 4 0024646619 00169
190426 1801 3 0024646619 00169
190426 1803 1 3214223381 00188
190426 1808 1 4286217980 00905
190426 1809 2 4286217980 00905
190426 1810 3 5714746026 00201
190426 1810 3 5714746026 00201
190426 1812 4 3214505957 00202
190426 1812 1 3466748197 00150
190426 1812 1 3466733797 00190
190426 1813 2 3466748197 00150
190426 1813 2 3466733797 00190
190426 1813 2 2393511778 00205
190426 1816 2 3180300217 00153
190426 1816 2 1484663634 00166
190426 1819 2 3465808053 00177
190426 1821 2 3214017429 00180
190426 1822 2 6237865324 00032
190426 1823 1 3213553141 00195
190426 1823 2 3180611065 00152
190426 1823 4 0674051067 00004
190426 1824 3 4285846892 00200
190426 1824 4 4285846892 00200
190426 1829 1 3180611065 00152
190426 1829 2 3180611065 00152
190426 1830 1 2744845370 00079
190426 1832 1 3180611065 00152
190426 1832 2 3180611065 00152
190426 1833 1 3466658213 00186
190426 1833 2 3466658213 00186
190426 1835 1 3180611065 00152
190426 1840 3 4285846892 00200
190426 1840 3 4285846892 00200
190426 1841 2 3145645846 00198
190426 1842 1 2394843026 00210
190426 1843 2 2394843026 00210
190426 1843 1 3690229446 00183
190426 1843 2 3690229446 00183
190426 1845 4 3214505957 00202
190426 1847 3 3214505957 00202
190426 1852 1 6237865324 00032
190426 1857 1 2732830658 00207
190426 1857 2 2732830658 00207
190426 1858 1 1166545250 00208
190426 1900 2 2394843026 00210
190426 1901 4 0674051067 00004
190426 1901 1 2742353498 00146
190426 1901 1 3466748197 00150
190426 1901 1 3145645846 00198
190426 1901 1 2393511778 00205
190426 1901 1 3466658213 00186
190426 1901 1 2732830658 00207
190426 1902 2 4286217980 00905
190426 1905 1 3391149413 00181
190426 1905 1 3214017429 00180
190426 1905 2 2732830658 00207
190426 1906 1 2732830658 00207
190426 1907 1 3214017429 00180
190426 1907 1 2732830658 00207
190426 1910 1 6238034684 00171
190426 1911 2 4286217980 00905
190426 1914 4 0674051067 00004
190426 1916 1 6238034684 00171
190426 1917 2 0674051067 00004
190426 1920 1 3465808053 00177
190426 1958 2 6237865324 00032
190426 2002 1 2742353498 00146
190426 2002 2 2742353498 00146
190426 2006 1 4286217980 00905
190426 2006 2 4286217980 00905
190426 2016 1 6237865324 00032
190426 2130 1 6355944412 00000
190426 2130 2 6355944412 00000
