190322 0809 1 6237865324 00032
190322 0809 2 6237865324 00032
190322 0815 1 6237865324 00032
190322 0815 2 6237865324 00032
190322 0817 3 0024646619 00169
190322 0817 3 0024646619 00169
190322 0819 4 0024646619 00169
190322 0828 4 0024646619 00169
190322 0831 1 6355944412 00000
190322 0831 2 6355944412 00000
190322 0844 3 5714746026 00201
190322 0844 3 5714746026 00201
190322 0844 4 5714746026 00201
190322 0847 4 0024646619 00169
190322 0849 1 3465808053 00177
190322 0849 2 3465808053 00177
190322 0851 1 3465808053 00177
190322 0852 2 3465808053 00177
190322 0852 4 5714746026 00201
190322 0859 1 2742353514 00192
190322 0859 2 2742353514 00192
190322 0903 4 5714746026 00201
190322 0904 1 2742353498 00146
190322 0904 2 2742353498 00146
190322 0904 1 2742353514 00192
190322 0904 2 2742353514 00192
190322 0907 2 2742353498 00146
190322 0907 1 3145526534 00199
190322 0908 2 3145526534 00199
190322 0909 1 2732830658 00207
190322 0909 2 2732830658 00207
190322 0910 1 2744845370 00079
190322 0911 1 2393511778 00205
190322 0911 1 3213553141 00195
190322 0911 2 2744845370 00079
190322 0912 1 3214223381 00188
190322 0912 1 4435111614 00164
190322 0913 2 4435111614 00164
190322 0913 1 1166545250 00208
190322 0913 2 2393511778 00205
190322 0913 2 1166545250 00208
190322 0914 1 0025842283 00158
190322 0916 2 2732830658 00207
190322 0922 2 0025842283 00158
190322 0922 2 2744845370 00079
190322 0923 1 3690229446 00183
190322 0923 2 3690229446 00183
190322 0924 2 2744845370 00079
190322 0925 1 3180611065 00152
190322 0925 2 3180611065 00152
190322 0929 3 3595204294 00193
190322 0929 4 3595204294 00193
190322 0929 1 3466748197 00150
190322 0929 2 3466748197 00150
190322 0929 1 3214017429 00180
190322 0930 2 3214017429 00180
190322 0930 3 3214505957 00202
190322 0931 4 3214505957 00202
190322 0937 1 3145645846 00198
190322 0939 2 2744845370 00079
190322 0939 4 3595204294 00193
190322 0941 1 6238034684 00171
190322 0942 2 6238034684 00171
190322 0944 2 2742353514 00192
190322 0944 4 2742354762 00047
190322 0946 4 2742354762 00047
190322 0951 4 0024646619 00169
190322 0954 1 3595839158 00905
190322 0955 2 3595839158 00905
190322 0956 1 3466658213 00186
190322 0957 2 3466658213 00186
190322 0957 2 3180611065 00152
190322 0958 1 3408463525 00184
190322 0958 2 3408463525 00184
190322 1000 2 0025842283 00158
190322 1002 2 2742353514 00192
190322 1003 4 3214505957 00202
190322 1004 1 3466733797 00190
190322 1005 2 3466733797 00190
190322 1006 1 3391149413 00181
190322 1006 2 3391149413 00181
190322 1008 2 2742353514 00192
190322 1009 2 0025842283 00158
190322 1011 1 2742353514 00192
190322 1012 1 3180300217 00153
190322 1012 2 3180300217 00153
190322 1012 1 6237865324 00032
190322 1014 2 6237865324 00032
190322 1014 4 3595204294 00193
190322 1014 4 5714746026 00201
190322 1014 1 2742353514 00192
190322 1015 2 3595839158 00905
190322 1015 1 1484663634 00166
190322 1016 2 1484663634 00166
190322 1016 1 6355944412 00000
190322 1016 2 6355944412 00000
190322 1017 2 2742353514 00192
190322 1017 4 0025842283 00158
190322 1018 4 6237865324 00032
190322 1021 4 0674051067 00004
190322 1023 2 0674051067 00004
190322 1025 2 3214223381 00188
190322 1026 4 3595204294 00193
190322 1026 1 3180300217 00153
190322 1026 2 3180300217 00153
190322 1031 2 4286217980 00905
190322 1035 3 3595839158 00905
190322 1035 4 3595839158 00905
190322 1036 2 3145645846 00198
190322 1039 2 2742353498 00146
190322 1039 2 1166545250 00208
190322 1042 2 3145645846 00198
190322 1043 1 3595839158 00905
190322 1043 1 2393511778 00205
190322 1043 4 5713740026 00175
190322 1043 4 5713740026 00175
190322 1044 2 3214017429 00180
190322 1045 1 3466748197 00150
190322 1046 2 3466748197 00150
190322 1046 1 4286217980 00905
190322 1046 2 4286217980 00905
190322 1046 2 2742353514 00192
190322 1048 2 3214223381 00188
190322 1051 2 3214223381 00188
190322 1054 1 2732830658 00207
190322 1054 2 3690229446 00183
190322 1102 2 3214223381 00188
190322 1104 2 3214223381 00188
190322 1106 2 3595839158 00905
190322 1107 4 3214223381 00188
190322 1108 1 1484663634 00166
190322 1109 1 3214223381 00188
190322 1113 1 1484663634 00166
190322 1113 2 1484663634 00166
190322 1114 4 3180611065 00152
190322 1115 2 3214223381 00188
190322 1118 1 2744845370 00079
190322 1118 2 2744845370 00079
190322 1118 1 3465808053 00177
190322 1118 2 3465808053 00177
190322 1123 1 2393511778 00205
190322 1123 2 2393511778 00205
190322 1128 2 3214223381 00188
190322 1129 1 3214223381 00188
190322 1133 2 3214223381 00188
190322 1135 2 2742353514 00192
190322 1137 1 2742353498 00146
190322 1138 2 2742353498 00146
190322 1138 4 0024646619 00169
190322 1138 4 3595204294 00193
190322 1139 4 3595204294 00193
190322 1140 2 0025842283 00158
190322 1141 2 6237865324 00032
190322 1143 2 3466658213 00186
190322 1145 2 6237865324 00032
190322 1146 2 3180611065 00152
190322 1147 2 6355944412 00000
190322 1147 1 2742353514 00192
190322 1147 4 2742354762 00047
190322 1148 2 2742353514 00192
190322 1149 2 2393511778 00205
190322 1150 2 2742353514 00192
190322 1150 2 2393511778 00205
190322 1152 2 3214223381 00188
190322 1154 2 3214223381 00188
190322 1156 2 3145645846 00198
190322 1157 2 3408463525 00184
190322 1203 4 4286217980 00905
190322 1204 4 3214505957 00202
190322 1206 1 4286217980 00905
190322 1206 2 4286217980 00905
190322 1207 4 0674051067 00004
190322 1207 4 3214505957 00202
190322 1208 4 0024646619 00169
190322 1220 1 4435111614 00164
190322 1221 2 3214223381 00188
190322 1222 2 3180300217 00153
190322 1223 1 3408463525 00184
190322 1223 2 3408463525 00184
190322 1225 1 5713740026 00175
190322 1230 1 2744845370 00079
190322 1230 2 2744845370 00079
190322 1231 4 3595204294 00193
190322 1232 1 3466733797 00190
190322 1232 2 3466733797 00190
190322 1236 1 6237865324 00032
190322 1237 2 6237865324 00032
190322 1237 4 2742354762 00047
190322 1237 4 3595204294 00193
190322 1241 1 6237865324 00032
190322 1242 2 6237865324 00032
190322 1247 4 0024646619 00169
190322 1250 1 1166545250 00208
190322 1251 2 1166545250 00208
190322 1253 1 3213553141 00195
190322 1253 2 3213553141 00195
190322 1259 4 0024646619 00169
190322 1301 4 5714746026 00201
190322 1303 1 3466748197 00150
190322 1306 1 1484663634 00166
190322 1307 2 6238034684 00171
190322 1307 4 5714746026 00201
190322 1310 4 3595204294 00193
190322 1315 2 4435111614 00164
190322 1316 1 5714746026 00201
190322 1316 2 5714746026 00201
190322 1319 4 5714746026 00201
190322 1326 1 3466748197 00150
190322 1327 1 2744845370 00079
190322 1327 2 3180300217 00153
190322 1327 2 2744845370 00079
190322 1328 4 5713740026 00175
190322 1330 2 3145526534 00199
190322 1332 2 6355944412 00000
190322 1333 2 3466748197 00150
190322 1335 2 2742353514 00192
190322 1335 2 3180300217 00153
190322 1335 2 2742353514 00192
190322 1337 1 3180611065 00152
190322 1337 2 3180611065 00152
190322 1338 4 2742354762 00047
190322 1338 1 3214223381 00188
190322 1340 4 2742354762 00047
190322 1341 2 3214223381 00188
190322 1341 4 0024646619 00169
190322 1342 1 3408463525 00184
190322 1342 2 3408463525 00184
190322 1345 1 4435111614 00164
190322 1346 2 4435111614 00164
190322 1346 2 2742353514 00192
190322 1347 2 3214223381 00188
190322 1348 1 3145645846 00198
190322 1348 2 2742353498 00146
190322 1349 2 3145645846 00198
190322 1351 1 3466733797 00190
190322 1351 2 3466733797 00190
190322 1351 2 3180300217 00153
190322 1353 4 5713740026 00175
190322 1353 1 6237865324 00032
190322 1354 2 6237865324 00032
190322 1355 1 3145645846 00198
190322 1355 2 3145645846 00198
190322 1358 1 6355944412 00000
190322 1358 2 6355944412 00000
190322 1400 2 3690229446 00183
190322 1400 2 3690229446 00183
190322 1401 3 4285846892 00200
190322 1401 2 3595839158 00905
190322 1404 2 3214017429 00180
190322 1404 4 2742353514 00192
190322 1406 2 3214223381 00188
190322 1408 2 3214223381 00188
190322 1409 2 3214223381 00188
190322 1423 1 1484663634 00166
190322 1423 1 1484663634 00166
190322 1423 2 1484663634 00166
190322 1506 3 2742353514 00192
190322 1510 3 3145526534 00199
190322 1523 3 3595839158 00905
190322 1535 1 0674051067 00004
190322 1536 2 0674051067 00004
190322 1536 1 3214017429 00180
190322 1537 2 3214017429 00180
190322 1537 2 0025842283 00158
190322 1538 2 3214223381 00188
190322 1538 1 3213553141 00195
190322 1539 2 3213553141 00195
190322 1539 2 2393511778 00205
190322 1540 2 3466658213 00186
190322 1540 2 3214017429 00180
190322 1541 2 2744845370 00079
190322 1542 2 3145526534 00199
190322 1542 2 3180300217 00153
190322 1542 2 3214223381 00188
190322 1543 2 1166545250 00208
190322 1544 2 6237865324 00032
190322 1545 2 2744845370 00079
190322 1547 2 6355944412 00000
190322 1549 2 2732830658 00207
190322 1550 2 3214017429 00180
190322 1550 2 4286217980 00905
190322 1551 1 2732830658 00207
190322 1552 2 2732830658 00207
190322 1552 1 4286217980 00905
190322 1553 2 4286217980 00905
190322 1554 1 2742353514 00192
190322 1554 2 2742353514 00192
190322 1600 1 1484663634 00166
190322 1600 2 1484663634 00166
190322 1602 1 2742353498 00146
190322 1603 2 3466658213 00186
190322 1604 1 3213553141 00195
190322 1605 2 3213553141 00195
190322 1607 1 3466658213 00186
190322 1607 2 3466658213 00186
190322 1611 1 2393511778 00205
190322 1611 2 2393511778 00205
190322 1614 1 2393511778 00205
190322 1615 2 2393511778 00205
190322 1616 1 3180611065 00152
190322 1616 2 3180611065 00152
190322 1618 1 3180611065 00152
190322 1619 2 3180611065 00152
190322 1619 1 3214223381 00188
190322 1620 1 3180611065 00152
190322 1627 1 6237865324 00032
190322 1627 2 6237865324 00032
190322 1629 1 3214223381 00188
190322 1629 2 3214223381 00188
190322 1632 1 3690229446 00183
190322 1632 2 3690229446 00183
190322 1633 1 3214223381 00188
190322 1637 1 3214223381 00188
190322 1643 2 2742353498 00146
190322 1650 2 4286217980 00905
190322 1651 2 3214017429 00180
190322 1651 1 3408463525 00184
190322 1653 2 3408463525 00184
190322 1657 2 3214223381 00188
190322 1658 2 3214223381 00188
190322 1702 2 2744845370 00079
190322 1704 2 3214223381 00188
190322 1706 2 2732830658 00207
190322 1706 2 3214223381 00188
190322 1716 2 3465808053 00177
190322 1717 2 3214223381 00188
190322 1719 2 0025842283 00158
190322 1719 1 4435111614 00164
190322 1722 2 3466748197 00150
190322 1725 1 6355944412 00000
190322 1726 2 6355944412 00000
190322 1728 1 4285846892 00200
190322 1728 2 4285846892 00200
190322 1729 2 3214223381 00188
190322 1730 2 0025842283 00158
190322 1731 2 4286217980 00905
190322 1731 2 3214223381 00188
190322 1732 2 3214223381 00188
190322 1733 2 3214223381 00188
190322 1734 1 3180300217 00153
190322 1734 2 3180300217 00153
190322 1735 1 3145645846 00198
190322 1735 2 3145645846 00198
190322 1736 1 3466658213 00186
190322 1736 3 4285846892 00200
190322 1736 2 3466658213 00186
190322 1737 2 2742353514 00192
190322 1742 1 1484663634 00166
190322 1742 2 6238034684 00171
190322 1742 2 4286217980 00905
190322 1745 2 3214017429 00180
190322 1746 3 3595839158 00905
190322 1748 2 6237865324 00032
190322 1751 1 3595839158 00905
190322 1751 2 3595839158 00905
190322 1801 1 3214223381 00188
190322 1802 4 6237865324 00032
190322 1803 1 3214223381 00188
190322 1804 3 0024646619 00169
190322 1805 1 2732830658 00207
190322 1805 2 2732830658 00207
190322 1809 3 5714746026 00201
190322 1809 3 5714746026 00201
190322 1810 1 3595839158 00905
190322 1810 2 3595839158 00905
190322 1811 1 1484663634 00166
190322 1811 1 2742353514 00192
190322 1811 2 1484663634 00166
190322 1812 4 3595204294 00193
190322 1812 1 3466658213 00186
190322 1813 2 3466658213 00186
190322 1814 2 2742353498 00146
190322 1815 2 4286217980 00905
190322 1815 1 6237865324 00032
190322 1815 2 6237865324 00032
190322 1816 2 3214017429 00180
190322 1818 3 4285846892 00200
190322 1818 4 4285846892 00200
190322 1819 1 2742353498 00146
190322 1819 2 2742353498 00146
190322 1820 3 3595204294 00193
190322 1820 3 4285846892 00200
190322 1820 4 4285846892 00200
190322 1820 2 0025842283 00158
190322 1823 2 3690229446 00183
190322 1824 1 3213553141 00195
190322 1824 2 3213553141 00195
190322 1826 1 2744845370 00079
190322 1826 2 2744845370 00079
190322 1827 3 4285846892 00200
190322 1828 2 6237865324 00032
190322 1830 1 3408463525 00184
190322 1830 2 3408463525 00184
190322 1831 4 3214505957 00202
190322 1832 1 1166545250 00208
190322 1833 2 1166545250 00208
190322 1837 2 1166545250 00208
190322 1837 1 1166545250 00208
190322 1839 1 2393511778 00205
190322 1839 2 2393511778 00205
190322 1845 1 3466658213 00186
190322 1845 1 2744845370 00079
190322 1845 2 3466658213 00186
190322 1845 4 3214505957 00202
190322 1847 2 3145645846 00198
190322 1849 2 0025842283 00158
190322 1852 2 3213553141 00195
190322 1854 2 3408463525 00184
190322 1854 2 3145526534 00199
190322 1854 2 2742353498 00146
190322 1854 1 3408463525 00184
190322 1856 1 3180300217 00153
190322 1900 4 3214505957 00202
190322 1900 3 3214505957 00202
190322 1903 1 2732830658 00207
190322 1903 1 3690229446 00183
190322 1905 1 3145526534 00199
190322 1907 1 2393511778 00205
190322 1907 1 3213553141 00195
190322 1908 2 4286217980 00905
190322 1909 1 3466658213 00186
190322 1909 1 3145645846 00198
190322 1909 1 2742353498 00146
190322 1909 1 3214017429 00180
190322 1910 2 6237865324 00032
190322 1914 2 3466748197 00150
190322 1916 1 3391149413 00181
190322 1916 1 3466748197 00150
190322 1916 1 6238034684 00171
190322 1916 2 6237865324 00032
190322 1939 1 0025842283 00158
190322 2016 1 6237865324 00032
