190305 0807 1 6237865324 00032
190305 0807 2 6237865324 00032
190305 0810 1 6237865324 00032
190305 0810 2 6237865324 00032
190305 0819 3 0024646619 00169
190305 0820 3 0024646619 00169
190305 0822 4 0024646619 00169
190305 0832 3 0024646619 00169
190305 0832 4 0024646619 00169
190305 0837 3 5714746026 00201
190305 0838 4 5714746026 00201
190305 0843 1 3465808053 00177
190305 0843 2 3465808053 00177
190305 0845 4 5714746026 00201
190305 0846 1 3465808053 00177
190305 0846 2 3465808053 00177
190305 0854 1 2744845370 00079
190305 0855 2 2744845370 00079
190305 0858 1 2744845370 00079
190305 0858 2 2744845370 00079
190305 0902 1 3690229446 00183
190305 0902 2 3690229446 00183
190305 0907 1 2742353498 00146
190305 0907 2 2742353498 00146
190305 0907 2 2742353498 00146
190305 0909 3 3214505957 00202
190305 0909 4 3214505957 00202
190305 0910 1 2393511778 00205
190305 0910 2 2393511778 00205
190305 0910 2 3690229446 00183
190305 0913 1 2742353514 00192
190305 0913 1 3214223381 00188
190305 0913 2 2742353514 00192
190305 0914 1 4435111614 00164
190305 0914 2 4435111614 00164
190305 0919 2 2742353498 00146
190305 0920 1 3180611065 00152
190305 0920 2 3180611065 00152
190305 0922 2 3690229446 00183
190305 0922 3 3595204294 00193
190305 0922 4 3595204294 00193
190305 0924 4 5714746026 00201
190305 0926 3 4285846892 00200
190305 0926 2 0025842283 00158
190305 0926 4 4285846892 00200
190305 0928 1 3145645846 00198
190305 0928 2 3145645846 00198
190305 0929 1 3214017429 00180
190305 0929 2 3214017429 00180
190305 0930 4 4285846892 00200
190305 0930 1 3595839158 00905
190305 0930 2 3595839158 00905
190305 0931 1 3466748197 00150
190305 0932 2 3466748197 00150
190305 0932 1 3213553141 00195
190305 0932 2 3213553141 00195
190305 0933 2 0025842283 00158
190305 0934 2 3214017429 00180
190305 0936 2 3213553141 00195
190305 0936 2 3690229446 00183
190305 0937 4 2742354762 00047
190305 0937 2 3466748197 00150
190305 0939 2 3214223381 00188
190305 0939 1 6238034684 00171
190305 0941 2 1484663634 00166
190305 0942 4 0674051067 00004
190305 0946 4 2742354762 00047
190305 0946 2 3595839158 00905
190305 0947 2 3391149413 00181
190305 0949 2 6237865324 00032
190305 0950 4 5713740026 00175
190305 0950 1 3408463525 00184
190305 0950 2 3408463525 00184
190305 0951 1 3466658213 00186
190305 0951 2 3466658213 00186
190305 0953 2 5713740026 00175
190305 0954 2 3214223381 00188
190305 0954 1 3180300217 00153
190305 0955 2 3180300217 00153
190305 0955 1 3466733797 00190
190305 0955 2 3466733797 00190
190305 0956 4 0024646619 00169
190305 0959 2 3214223381 00188
190305 1000 2 0025842283 00158
190305 1001 2 3214223381 00188
190305 1001 1 3466658213 00186
190305 1002 2 3466658213 00186
190305 1003 1 0674051067 00004
190305 1003 2 0674051067 00004
190305 1006 2 3595839158 00905
190305 1008 4 0674051067 00004
190305 1009 1 2744845370 00079
190305 1009 2 4286217980 00905
190305 1012 2 3214223381 00188
190305 1014 2 3214223381 00188
190305 1015 3 4286217980 00905
190305 1015 4 4286217980 00905
190305 1017 1 4286217980 00905
190305 1017 2 4286217980 00905
190305 1019 1 3465808053 00177
190305 1019 2 3465808053 00177
190305 1020 2 4286217980 00905
190305 1021 1 3595839158 00905
190305 1022 3 4285846892 00200
190305 1022 4 4285846892 00200
190305 1022 1 2742353514 00192
190305 1022 2 2742353514 00192
190305 1023 2 4286217980 00905
190305 1024 1 4285846892 00200
190305 1026 2 3466748197 00150
190305 1028 2 5713740026 00175
190305 1030 4 3214505957 00202
190305 1032 2 3214223381 00188
190305 1032 1 0353805386 00904
190305 1033 4 5713740026 00175
190305 1033 2 6237865324 00032
190305 1033 4 3214505957 00202
190305 1035 1 5713740026 00175
190305 1035 1 3214017429 00180
190305 1035 4 6237865324 00032
190305 1035 2 3214017429 00180
190305 1035 2 3145645846 00198
190305 1038 1 3466658213 00186
190305 1038 2 3466658213 00186
190305 1039 4 3214223381 00188
190305 1042 1 3214223381 00188
190305 1042 2 3214223381 00188
190305 1043 1 3180300217 00153
190305 1044 2 3180300217 00153
190305 1044 2 5713740026 00175
190305 1044 1 3690229446 00183
190305 1044 2 3690229446 00183
190305 1046 4 0024646619 00169
190305 1047 2 3214223381 00188
190305 1049 1 4435111614 00164
190305 1050 2 4435111614 00164
190305 1051 4 0674051067 00004
190305 1052 2 3214223381 00188
190305 1053 4 6237865324 00032
190305 1053 2 3214223381 00188
190305 1053 4 0674051067 00004
190305 1059 4 2742354762 00047
190305 1100 1 6237865324 00032
190305 1100 2 6237865324 00032
190305 1101 1 3466748197 00150
190305 1101 2 3466748197 00150
190305 1108 1 1484663634 00166
190305 1108 2 1484663634 00166
190305 1112 2 3214223381 00188
190305 1114 1 2742353514 00192
190305 1114 2 2742353514 00192
190305 1118 1 3408463525 00184
190305 1118 2 3408463525 00184
190305 1118 2 3145645846 00198
190305 1119 2 3465808053 00177
190305 1120 2 3214223381 00188
190305 1121 1 3180300217 00153
190305 1121 2 3180300217 00153
190305 1123 4 4286217980 00905
190305 1125 1 3214017429 00180
190305 1125 2 3214017429 00180
190305 1130 3 4285846892 00200
190305 1130 4 4285846892 00200
190305 1134 1 3466658213 00186
190305 1135 2 3466658213 00186
190305 1139 1 2393511778 00205
190305 1139 2 2393511778 00205
190305 1141 1 3595839158 00905
190305 1141 2 3595839158 00905
190305 1141 1 5714746026 00201
190305 1141 2 5714746026 00201
190305 1147 1 3213553141 00195
190305 1148 2 3213553141 00195
190305 1151 2 6237865324 00032
190305 1151 2 3391149413 00181
190305 1151 2 5713740026 00175
190305 1152 2 1484663634 00166
190305 1154 1 3595839158 00905
190305 1154 2 3595839158 00905
190305 1157 4 5714746026 00201
190305 1158 2 1484663634 00166
190305 1159 4 3214505957 00202
190305 1200 2 3214223381 00188
190305 1201 4 3214505957 00202
190305 1202 3 5714746026 00201
190305 1202 4 5714746026 00201
190305 1204 1 3214017429 00180
190305 1204 2 3214017429 00180
190305 1206 4 0024646619 00169
190305 1206 1 3408463525 00184
190305 1206 2 3408463525 00184
190305 1213 4 0024646619 00169
190305 1213 4 3595204294 00193
190305 1220 2 3180611065 00152
190305 1220 1 3145645846 00198
190305 1221 1 3391149413 00181
190305 1221 2 3391149413 00181
190305 1222 2 3180300217 00153
190305 1226 2 3690229446 00183
190305 1227 4 3595204294 00193
190305 1229 2 6237865324 00032
190305 1231 4 2742354762 00047
190305 1235 2 3466733797 00190
190305 1237 2 3466733797 00190
190305 1244 2 3466748197 00150
190305 1246 2 3465808053 00177
190305 1247 2 3466748197 00150
190305 1248 3 4285846892 00200
190305 1248 4 5714746026 00201
190305 1252 2 3466748197 00150
190305 1252 4 5714746026 00201
190305 1253 4 0674051067 00004
190305 1254 2 3145645846 00198
190305 1257 2 4286217980 00905
190305 1258 1 4435111614 00164
190305 1259 2 4435111614 00164
190305 1259 1 3466658213 00186
190305 1300 2 3466658213 00186
190305 1301 4 0024646619 00169
190305 1304 4 0024646619 00169
190305 1305 1 3145645846 00198
190305 1305 2 3145645846 00198
190305 1305 2 3690229446 00183
190305 1305 1 4435111614 00164
190305 1306 2 4435111614 00164
190305 1311 3 4285846892 00200
190305 1311 4 4285846892 00200
190305 1318 2 2742353514 00192
190305 1318 1 3180611065 00152
190305 1319 2 3180611065 00152
190305 1319 1 3595839158 00905
190305 1319 2 2393511778 00205
190305 1322 1 2393511778 00205
190305 1323 2 2393511778 00205
190305 1323 1 2742353514 00192
190305 1324 2 2742353514 00192
190305 1325 1 3180300217 00153
190305 1325 2 3180300217 00153
190305 1326 1 3391149413 00181
190305 1326 2 3391149413 00181
190305 1328 1 3214017429 00180
190305 1328 2 3213553141 00195
190305 1330 2 3214223381 00188
190305 1332 4 0024646619 00169
190305 1333 2 2744845370 00079
190305 1335 2 3595839158 00905
190305 1335 2 2742353498 00146
190305 1335 4 3466748197 00150
190305 1335 2 3466658213 00186
190305 1336 2 3690229446 00183
190305 1336 4 3595204294 00193
190305 1336 2 6238034684 00171
190305 1336 4 3214505957 00202
190305 1339 2 3595839158 00905
190305 1340 2 3465808053 00177
190305 1341 2 3214017429 00180
190305 1342 2 3180300217 00153
190305 1344 4 3595204294 00193
190305 1346 4 0674051067 00004
190305 1347 2 3214223381 00188
190305 1347 2 3213553141 00195
190305 1348 1 6237865324 00032
190305 1348 2 6237865324 00032
190305 1353 2 3180611065 00152
190305 1355 2 3465808053 00177
190305 1355 2 3690229446 00183
190305 1400 4 6237865324 00032
190305 1400 2 1484663634 00166
190305 1405 4 3214505957 00202
190305 1409 2 0674051067 00004
190305 1419 2 2744845370 00079
190305 1420 4 2742354762 00047
190305 1423 2 3466658213 00186
190305 1425 2 3145645846 00198
190305 1425 2 2742353514 00192
190305 1427 4 3214505957 00202
190305 1428 2 6237865324 00032
190305 1430 2 3690229446 00183
190305 1431 2 3214223381 00188
190305 1431 2 3145645846 00198
190305 1431 1 3595839158 00905
190305 1434 1 3466733797 00190
190305 1434 2 3466733797 00190
190305 1437 4 3214505957 00202
190305 1437 1 3213553141 00195
190305 1437 2 3213553141 00195
190305 1438 1 4285846892 00200
190305 1438 2 3466748197 00150
190305 1449 1 4435111614 00164
190305 1449 2 4435111614 00164
190305 1450 3 4285846892 00200
190305 1451 4 4285846892 00200
190305 1453 1 0025842283 00158
190305 1454 2 0025842283 00158
190305 1454 2 3466658213 00186
190305 1457 1 3408463525 00184
190305 1458 2 3408463525 00184
190305 1501 3 3466748197 00150
190305 1501 4 3466748197 00150
190305 1502 4 0024646619 00169
190305 1504 1 3690229446 00183
190305 1505 2 3690229446 00183
190305 1505 1 3466748197 00150
190305 1505 2 3466748197 00150
190305 1507 1 3214104853 00901
190305 1508 2 3214223381 00188
190305 1509 1 2393511778 00205
190305 1510 2 3214223381 00188
190305 1511 2 3465808053 00177
190305 1513 1 0025842283 00158
190305 1513 2 0025842283 00158
190305 1514 1 1484663634 00166
190305 1515 2 1484663634 00166
190305 1519 1 0674051067 00004
190305 1519 2 0674051067 00004
190305 1524 4 2742354762 00047
190305 1527 2 6355944412 00000
190305 1528 2 6355944412 00000
190305 1529 3 4435111614 00164
190305 1529 4 4435111614 00164
190305 1533 4 0674051067 00004
190305 1533 2 3214017429 00180
190305 1534 2 4435111614 00164
190305 1542 4 4286217980 00905
190305 1543 4 3214505957 00202
190305 1544 4 0024646619 00169
190305 1545 4 0674051067 00004
190305 1545 1 4286217980 00905
190305 1545 2 4286217980 00905
190305 1547 2 5713740026 00175
190305 1549 1 3213553141 00195
190305 1549 2 3213553141 00195
190305 1551 1 3213553141 00195
190305 1551 2 3213553141 00195
190305 1553 4 2742354762 00047
190305 1554 2 3214223381 00188
190305 1555 1 2393511778 00205
190305 1555 2 2393511778 00205
190305 1558 2 3145645846 00198
190305 1559 2 3214223381 00188
190305 1600 4 0024646619 00169
190305 1600 1 3408463525 00184
190305 1600 2 3408463525 00184
190305 1601 1 4285846892 00200
190305 1602 2 4285846892 00200
190305 1604 2 3214223381 00188
190305 1606 2 3466733797 00190
190305 1606 1 3214223381 00188
190305 1607 1 1484663634 00166
190305 1608 2 1484663634 00166
190305 1611 2 4286217980 00905
190305 1611 2 4286217980 00905
190305 1612 1 4285846892 00200
190305 1614 3 4285846892 00200
190305 1614 4 4286217980 00905
190305 1614 1 3466748197 00150
190305 1614 2 3466748197 00150
190305 1616 1 3214223381 00188
190305 1623 1 4286217980 00905
190305 1624 2 4286217980 00905
190305 1624 1 3214223381 00188
190305 1625 2 3145645846 00198
190305 1625 1 3391149413 00181
190305 1626 2 3391149413 00181
190305 1628 2 3214223381 00188
190305 1628 3 4285846892 00200
190305 1629 2 3145645846 00198
190305 1631 2 0025842283 00158
190305 1632 2 3180611065 00152
190305 1634 2 3466733797 00190
190305 1636 2 3145645846 00198
190305 1637 2 3690229446 00183
190305 1638 2 4435111614 00164
190305 1638 2 3214223381 00188
190305 1639 2 5713740026 00175
190305 1644 1 1484663634 00166
190305 1646 1 3145645846 00198
190305 1647 2 3145645846 00198
190305 1647 1 3408463525 00184
190305 1648 1 2742353514 00192
190305 1648 1 3214017429 00180
190305 1648 2 3214017429 00180
190305 1649 2 5713740026 00175
190305 1651 1 2393511778 00205
190305 1651 2 2393511778 00205
190305 1653 2 1484663634 00166
190305 1653 2 2742353514 00192
190305 1654 1 3466733797 00190
190305 1654 2 3466733797 00190
190305 1655 1 3408463525 00184
190305 1655 2 3408463525 00184
190305 1655 2 3214223381 00188
190305 1658 1 1484663634 00166
190305 1658 2 1484663634 00166
190305 1701 2 3214223381 00188
190305 1702 1 3690229446 00183
190305 1703 2 3690229446 00183
190305 1709 2 3214223381 00188
190305 1712 2 5713740026 00175
190305 1722 1 0025842283 00158
190305 1722 2 0025842283 00158
190305 1728 1 3214223381 00188
190305 1730 1 6237865324 00032
190305 1730 2 6237865324 00032
190305 1743 2 3145645846 00198
190305 1743 1 3180611065 00152
190305 1744 1 6238034684 00171
190305 1745 2 6238034684 00171
190305 1745 1 3466658213 00186
190305 1746 1 6237865324 00032
190305 1746 2 3214223381 00188
190305 1747 1 3466748197 00150
190305 1748 2 3466748197 00150
190305 1749 1 0353805386 00904
190305 1752 1 3214223381 00188
190305 1752 2 3214223381 00188
190305 1754 1 2742353514 00192
190305 1754 2 2742353514 00192
190305 1757 1 3214017429 00180
190305 1758 2 3214017429 00180
190305 1759 1 3214223381 00188
190305 1759 2 3214223381 00188
190305 1800 2 3465808053 00177
190305 1801 1 3466658213 00186
190305 1801 2 3466658213 00186
190305 1802 2 2393511778 00205
190305 1802 3 0024646619 00169
190305 1802 1 3180611065 00152
190305 1803 2 3465808053 00177
190305 1803 1 4286217980 00905
190305 1803 2 4286217980 00905
190305 1803 2 4435111614 00164
190305 1804 1 3214223381 00188
190305 1804 1 3408463525 00184
190305 1805 2 1484663634 00166
190305 1805 1 3213553141 00195
190305 1805 2 3213553141 00195
190305 1807 2 4435111614 00164
190305 1807 2 3145645846 00198
190305 1811 1 3214223381 00188
190305 1812 2 3214223381 00188
190305 1813 1 3214223381 00188
190305 1815 1 2742353498 00146
190305 1816 2 2742353498 00146
190305 1817 2 2742353514 00192
190305 1817 1 2742353514 00192
190305 1824 3 5714746026 00201
190305 1824 3 5714746026 00201
190305 1827 1 3408463525 00184
190305 1827 2 3408463525 00184
190305 1830 1 3180300217 00153
190305 1830 2 3180300217 00153
190305 1839 1 2393511778 00205
190305 1843 2 3145645846 00198
190305 1843 1 3466658213 00186
190305 1847 2 4435111614 00164
190305 1847 2 3214017429 00180
190305 1849 1 4435111614 00164
190305 1849 1 3180300217 00153
190305 1851 1 3408463525 00184
190305 1851 1 3690229446 00183
190305 1852 1 3214017429 00180
190305 1852 1 3145645846 00198
190305 1852 1 3214017429 00180
190305 1856 3 3595204294 00193
190305 1858 2 3180611065 00152
190305 1859 2 2742353498 00146
190305 1900 1 3180611065 00152
190305 1900 2 3180611065 00152
190305 1901 2 3466748197 00150
190305 1902 1 3180611065 00152
190305 1903 2 3391149413 00181
190305 1903 1 2744845370 00079
190305 1904 2 2744845370 00079
190305 1906 1 3466748197 00150
190305 1906 2 3466748197 00150
190305 1912 1 2742353498 00146
190305 1912 2 6238034684 00171
190305 1912 1 3466748197 00150
190305 1912 1 3391149413 00181
190305 1913 1 2744845370 00079
190305 1914 1 6238034684 00171
190305 2045 1 3465808053 00177
