190410 0748 1 6237865324 00032
190410 0749 2 6237865324 00032
190410 0752 2 3214104853 00901
190410 0755 2 6237865324 00032
190410 0759 2 3214104853 00901
190410 0821 2 3214104853 00901
190410 0821 3 0024646619 00169
190410 0822 3 0024646619 00169
190410 0823 4 0024646619 00169
190410 0826 1 3145526534 00199
190410 0826 2 3145526534 00199
190410 0828 4 0024646619 00169
190410 0830 2 3145526534 00199
190410 0841 3 5714746026 00201
190410 0841 4 5714746026 00201
190410 0845 1 2742353498 00146
190410 0846 2 2742353498 00146
190410 0849 2 2742353498 00146
190410 0851 4 5714746026 00201
190410 0902 2 3465808053 00177
190410 0902 2 2732830658 00207
190410 0905 1 3214223381 00188
190410 0905 1 3690229446 00183
190410 0905 2 3690229446 00183
190410 0906 2 3465808053 00177
190410 0907 2 2732830658 00207
190410 0906 1 2744845370 00079
190410 0907 2 2744845370 00079
190410 0907 2 2394843026 00210
190410 0909 1 3213553141 00195
190410 0910 2 3213553141 00195
190410 0910 2 2744845370 00079
190410 0912 2 3213553141 00195
190410 0914 2 3214223381 00188
190410 0914 4 0024646619 00169
190410 0915 1 4435111614 00164
190410 0915 1 4435111614 00164
190410 0915 2 4435111614 00164
190410 0916 1 2393511778 00205
190410 0916 2 3145526534 00199
190410 0916 2 2393511778 00205
190410 0917 2 3214104853 00901
190410 0918 1 1166545250 00208
190410 0919 3 3595204294 00193
190410 0919 4 3595204294 00193
190410 0920 2 0025842283 00158
190410 0922 2 1166545250 00208
190410 0922 3 4285846892 00200
190410 0923 4 4285846892 00200
190410 0923 2 3690229446 00183
190410 0924 2 2393511778 00205
190410 0924 1 3180611065 00152
190410 0924 2 3180611065 00152
190410 0925 3 4285846892 00200
190410 0925 4 4285846892 00200
190410 0926 2 0025842283 00158
190410 0926 2 3214104853 00901
190410 0928 4 2742354762 00047
190410 0928 3 4285846892 00200
190410 0928 4 4285846892 00200
190410 0930 1 3145645846 00198
190410 0930 2 3180611065 00152
190410 0931 2 3145645846 00198
190410 0931 2 3466748197 00150
190410 0931 3 3214505957 00202
190410 0931 4 3595204294 00193
190410 0932 4 2742354762 00047
190410 0932 1 6238034684 00171
190410 0933 2 6238034684 00171
190410 0933 1 3214017429 00180
190410 0934 2 3214017429 00180
190410 0935 3 3214104853 00901
190410 0936 4 3214104853 00901
190410 0936 2 1484663634 00166
190410 0938 2 3145645846 00198
190410 0943 2 2393511778 00205
190410 0944 2 4285846892 00200
190410 0947 4 3214104853 00901
190410 0950 3 4285846892 00200
190410 0950 4 4285846892 00200
190410 0951 2 3690229446 00183
190410 0951 4 3214505957 00202
190410 0953 1 3391149413 00181
190410 0953 2 3391149413 00181
190410 0953 4 3214505957 00202
190410 0956 4 3214505957 00202
190410 0957 3 4285846892 00200
190410 0957 4 4285846892 00200
190410 0958 2 0674051067 00004
190410 0959 4 3214104853 00901
190410 0959 4 3214505957 00202
190410 1001 2 3214223381 00188
190410 1005 4 0674051067 00004
190410 1005 1 3180300217 00153
190410 1005 2 3180300217 00153
190410 1005 4 3214104853 00901
190410 1008 2 3466733797 00190
190410 1009 2 2744845370 00079
190410 1010 4 0024646619 00169
190410 1010 2 0674051067 00004
190410 1011 2 3180300217 00153
190410 1013 2 4435111614 00164
190410 1014 4 3214505957 00202
190410 1015 4 0674051067 00004
190410 1015 1 3466658213 00186
190410 1017 2 2394843026 00210
190410 1019 1 0353805386 00904
190410 1019 2 0353805386 00904
190410 1019 1 3214104853 00901
190410 1021 2 3214104853 00901
190410 1028 2 4286217980 00905
190410 1030 4 5714746026 00201
190410 1030 4 4286217980 00905
190410 1030 1 0025842283 00158
190410 1031 2 0025842283 00158
190410 1032 1 4286217980 00905
190410 1032 2 4286217980 00905
190410 1033 2 3214223381 00188
190410 1048 1 3145645846 00198
190410 1049 2 3145645846 00198
190410 1050 4 4285846892 00200
190410 1051 1 4285846892 00200
190410 1051 2 4285846892 00200
190410 1053 2 3214017429 00180
190410 1057 1 2742353498 00146
190410 1057 2 2742353498 00146
190410 1058 1 2732830658 00207
190410 1059 2 3690229446 00183
190410 1103 2 3145645846 00198
190410 1104 4 2393511778 00205
190410 1106 1 2393511778 00205
190410 1106 2 2393511778 00205
190410 1106 1 3180611065 00152
190410 1107 2 3180611065 00152
190410 1114 4 2742354762 00047
190410 1118 1 1166545250 00208
190410 1119 2 1166545250 00208
190410 1121 1 3466658213 00186
190410 1121 2 3466658213 00186
190410 1124 4 3214505957 00202
190410 1131 2 4435111614 00164
190410 1135 1 2394843026 00210
190410 1135 2 2394843026 00210
190410 1135 1 3213553141 00195
190410 1136 2 3213553141 00195
190410 1138 4 0024646619 00169
190410 1140 1 3145526534 00199
190410 1141 2 3145526534 00199
190410 1143 1 1484663634 00166
190410 1143 2 1484663634 00166
190410 1144 1 2744845370 00079
190410 1145 2 2744845370 00079
190410 1147 4 3595204294 00193
190410 1148 1 3214017429 00180
190410 1149 2 3214017429 00180
190410 1154 1 3145645846 00198
190410 1155 2 3145645846 00198
190410 1202 1 4286217980 00905
190410 1202 2 4286217980 00905
190410 1207 2 0674051067 00004
190410 1212 4 3595204294 00193
190410 1214 4 3595204294 00193
190410 1214 2 0674051067 00004
190410 1214 2 3180611065 00152
190410 1216 3 4285846892 00200
190410 1216 4 4285846892 00200
190410 1218 2 2393511778 00205
190410 1219 2 3466748197 00150
190410 1220 2 3180300217 00153
190410 1222 2 0674051067 00004
190410 1224 4 0674051067 00004
190410 1227 1 2732830658 00207
190410 1228 2 2732830658 00207
190410 1229 1 0025842283 00158
190410 1229 2 0025842283 00158
190410 1230 4 3214505957 00202
190410 1233 1 6237865324 00032
190410 1233 2 6237865324 00032
190410 1234 2 2742353498 00146
190410 1235 1 3180611065 00152
190410 1236 2 3180611065 00152
190410 1236 1 3466733797 00190
190410 1236 2 3466733797 00190
190410 1236 2 3690229446 00183
190410 1237 1 2744845370 00079
190410 1238 2 2744845370 00079
190410 1239 1 6237865324 00032
190410 1239 2 6237865324 00032
190410 1240 1 2393511778 00205
190410 1240 2 2393511778 00205
190410 1242 2 2742353498 00146
190410 1242 2 3690229446 00183
190410 1245 2 3214223381 00188
190410 1245 2 2394843026 00210
190410 1251 2 3213553141 00195
190410 1252 4 2742354762 00047
190410 1255 2 2732830658 00207
190410 1303 2 2742353498 00146
190410 1304 2 4435111614 00164
190410 1305 3 4285846892 00200
190410 1306 4 4285846892 00200
190410 1307 4 0024646619 00169
190410 1309 2 3466748197 00150
190410 1310 1 0024646619 00169
190410 1310 2 0024646619 00169
190410 1313 1 0025842283 00158
190410 1313 2 0025842283 00158
190410 1313 1 3465808053 00177
190410 1314 2 3465808053 00177
190410 1315 1 3213553141 00195
190410 1315 2 3213553141 00195
190410 1315 1 2742353498 00146
190410 1315 2 2742353498 00146
190410 1319 4 3595204294 00193
190410 1320 4 0024646619 00169
190410 1320 1 3213553141 00195
190410 1321 1 3145526534 00199
190410 1321 3 4285846892 00200
190410 1322 4 0024646619 00169
190410 1322 2 3145526534 00199
190410 1323 1 3466658213 00186
190410 1323 2 3145645846 00198
190410 1334 2 2744845370 00079
190410 1334 4 0024646619 00169
190410 1334 1 3690229446 00183
190410 1335 2 3690229446 00183
190410 1335 1 3180300217 00153
190410 1335 2 3180300217 00153
190410 1335 1 1166545250 00208
190410 1335 2 3145645846 00198
190410 1335 2 1166545250 00208
190410 1337 2 3214017429 00180
190410 1338 2 3145526534 00199
190410 1339 2 2732830658 00207
190410 1341 2 3180611065 00152
190410 1341 1 6238034684 00171
190410 1341 2 6238034684 00171
190410 1341 4 3214505957 00202
190410 1344 1 3214017429 00180
190410 1345 2 3214017429 00180
190410 1348 4 3595204294 00193
190410 1350 2 3214223381 00188
190410 1351 1 3145526534 00199
190410 1351 2 3145526534 00199
190410 1354 1 2394843026 00210
190410 1355 1 2394843026 00210
190410 1355 2 2394843026 00210
190410 1356 1 3145645846 00198
190410 1356 2 3145645846 00198
190410 1357 4 3214505957 00202
190410 1403 4 0024646619 00169
190410 1406 1 3690229446 00183
190410 1406 2 3690229446 00183
190410 1410 1 3466658213 00186
190410 1410 2 3466658213 00186
190410 1411 1 4286217980 00905
190410 1412 1 0025842283 00158
190410 1412 2 4286217980 00905
190410 1412 2 0025842283 00158
190410 1414 1 2393511778 00205
190410 1414 2 2393511778 00205
190410 1418 1 3466733797 00190
190410 1419 2 3466733797 00190
190410 1427 1 3145526534 00199
190410 1427 2 3145526534 00199
190410 1433 2 4435111614 00164
190410 1436 1 3466658213 00186
190410 1436 2 3466658213 00186
190410 1437 1 6237865324 00032
190410 1437 2 6237865324 00032
190410 1437 4 3214223381 00188
190410 1441 2 3465808053 00177
190410 1445 1 2744845370 00079
190410 1445 2 2744845370 00079
190410 1446 2 2732830658 00207
190410 1446 1 3214223381 00188
190410 1447 1 2732830658 00207
190410 1447 2 2732830658 00207
190410 1451 4 2742354762 00047
190410 1451 1 4286217980 00905
190410 1451 2 4286217980 00905
190410 1453 1 6237865324 00032
190410 1454 2 6237865324 00032
190410 1457 1 3690229446 00183
190410 1459 2 3690229446 00183
190410 1507 1 3145526534 00199
190410 1510 1 2394843026 00210
190410 1510 2 2394843026 00210
190410 1510 1 3466733797 00190
190410 1511 2 3466733797 00190
190410 1511 1 2393511778 00205
190410 1511 2 2393511778 00205
190410 1514 4 3214505957 00202
190410 1517 1 3408463525 00184
190410 1517 2 3408463525 00184
190410 1530 1 1484663634 00166
190410 1531 2 1484663634 00166
190410 1531 1 3145645846 00198
190410 1531 2 3145645846 00198
190410 1531 1 3214017429 00180
190410 1532 2 3214017429 00180
190410 1534 1 2732830658 00207
190410 1534 2 2732830658 00207
190410 1535 2 3465808053 00177
190410 1539 4 6237865324 00032
190410 1542 4 6237865324 00032
190410 1543 1 4435111614 00164
190410 1544 2 4435111614 00164
190410 1548 1 3466733797 00190
190410 1549 2 3466733797 00190
190410 1551 1 2393511778 00205
190410 1552 2 2393511778 00205
190410 1556 1 3180300217 00153
190410 1556 2 3180300217 00153
190410 1559 1 2744845370 00079
190410 1559 4 0674051067 00004
190410 1559 2 2744845370 00079
190410 1602 4 2742354762 00047
190410 1605 2 3465808053 00177
190410 1607 2 0025842283 00158
190410 1607 1 2394843026 00210
190410 1607 2 2394843026 00210
190410 1609 2 3180611065 00152
190410 1610 1 3408463525 00184
190410 1611 2 3408463525 00184
190410 1612 2 3180611065 00152
190410 1614 2 0025842283 00158
190410 1614 2 3466748197 00150
190410 1615 2 3214223381 00188
190410 1615 1 3180611065 00152
190410 1615 1 3466748197 00150
190410 1621 2 3214223381 00188
190410 1623 1 3145526534 00199
190410 1623 2 3145526534 00199
190410 1624 1 3145526534 00199
190410 1625 2 3145526534 00199
190410 1627 2 4286217980 00905
190410 1627 1 3214017429 00180
190410 1627 2 3214017429 00180
190410 1630 2 6237865324 00032
190410 1631 1 3145645846 00198
190410 1632 2 3145645846 00198
190410 1634 1 3690229446 00183
190410 1634 2 3690229446 00183
190410 1640 4 0674051067 00004
190410 1642 1 2732830658 00207
190410 1643 2 2732830658 00207
190410 1643 1 2393511778 00205
190410 1643 2 2393511778 00205
190410 1646 1 2394843026 00210
190410 1647 2 2394843026 00210
190410 1648 4 3595204294 00193
190410 1658 4 3214505957 00202
190410 1702 1 2742353498 00146
190410 1703 2 3391149413 00181
190410 1706 1 2744845370 00079
190410 1706 2 2744845370 00079
190410 1711 4 0024646619 00169
190410 1711 3 5714746026 00201
190410 1712 4 5714746026 00201
190410 1713 1 1484663634 00166
190410 1713 2 1484663634 00166
190410 1714 2 4435111614 00164
190410 1717 4 5714746026 00201
190410 1721 1 4435111614 00164
190410 1725 1 3214223381 00188
190410 1731 1 3214017429 00180
190410 1732 2 3214017429 00180
190410 1734 2 2394843026 00210
190410 1736 1 3145526534 00199
190410 1736 2 3145526534 00199
190410 1741 1 3408463525 00184
190410 1742 2 3408463525 00184
190410 1742 1 2732830658 00207
190410 1742 2 2732830658 00207
190410 1743 1 4286217980 00905
190410 1744 2 4286217980 00905
190410 1749 1 3145645846 00198
190410 1750 2 3145645846 00198
190410 1750 1 4286217980 00905
190410 1751 2 4286217980 00905
190410 1756 4 0024646619 00169
190410 1758 1 1484663634 00166
190410 1758 2 1484663634 00166
190410 1800 3 0024646619 00169
190410 1801 3 0024646619 00169
190410 1803 1 6237865324 00032
190410 1804 2 6237865324 00032
190410 1804 1 3145526534 00199
190410 1806 1 3214223381 00188
190410 1808 4 3595204294 00193
190410 1811 4 3595204294 00193
190410 1816 4 3214505957 00202
190410 1817 3 5714746026 00201
190410 1817 3 5714746026 00201
190410 1817 1 1166545250 00208
190410 1818 2 1166545250 00208
190410 1821 1 3180300217 00153
190410 1822 2 3180300217 00153
190410 1823 1 2393511778 00205
190410 1823 2 2393511778 00205
190410 1824 1 3180300217 00153
190410 1827 1 3408463525 00184
190410 1831 1 2394843026 00210
190410 1831 2 2394843026 00210
190410 1835 1 2744845370 00079
190410 1835 2 2744845370 00079
190410 1842 1 2394843026 00210
190410 1843 2 1166545250 00208
190410 1843 1 1166545250 00208
190410 1845 1 2393511778 00205
190410 1849 1 3391149413 00181
190410 1849 2 3391149413 00181
190410 1850 1 3466658213 00186
190410 1851 2 3466658213 00186
190410 1851 1 3145645846 00198
190410 1852 2 3145645846 00198
190410 1855 1 3145645846 00198
190410 1855 1 3466658213 00186
190410 1859 4 3214505957 00202
190410 1902 3 3214505957 00202
190410 1904 1 1484663634 00166
190410 1905 2 1484663634 00166
190410 1906 4 0674051067 00004
190410 1905 1 2732830658 00207
190410 1906 2 2732830658 00207
190410 1907 2 2742353498 00146
190410 1908 1 6237865324 00032
190410 1909 2 6237865324 00032
190410 1912 1 3214017429 00180
190410 1912 1 6238034684 00171
190410 1912 1 1484663634 00166
190410 1913 1 3690229446 00183
190410 1913 1 2732830658 00207
190410 1913 1 3214017429 00180
190410 1913 1 2742353498 00146
190410 1913 1 3391149413 00181
190410 1925 1 2744845370 00079
190410 1934 1 6237865324 00032
190410 1934 2 6237865324 00032
190410 2006 1 6237865324 00032
190410 2006 2 6237865324 00032
190410 2012 1 6237865324 00032
