190429 0749 1 6237865324 00032
190429 0749 2 6237865324 00032
190429 0756 1 6237865324 00032
190429 0756 2 6237865324 00032
190429 0757 1 6237865324 00032
190429 0757 2 6237865324 00032
190429 0807 2 6237865324 00032
190429 0819 3 0024646619 00169
190429 0820 3 0024646619 00169
190429 0822 4 0024646619 00169
190429 0830 4 0024646619 00169
190429 0830 1 3214223381 00188
190429 0838 1 3214223381 00188
190429 0841 3 5714746026 00201
190429 0841 4 5714746026 00201
190429 0843 2 3214223381 00188
190429 0846 1 2394843026 00210
190429 0846 2 2394843026 00210
190429 0846 2 3214223381 00188
190429 0848 4 5714746026 00201
190429 0853 1 2742353498 00146
190429 0853 2 2742353498 00146
190429 0858 1 2742353498 00146
190429 0858 2 2742353498 00146
190429 0900 1 3213553141 00195
190429 0901 2 3213553141 00195
190429 0902 2 2732830658 00207
190429 0904 2 3213553141 00195
190429 0903 1 3690229446 00183
190429 0904 2 3690229446 00183
190429 0911 3 3595204294 00193
190429 0911 4 3595204294 00193
190429 0913 1 1166545250 00208
190429 0913 2 3690229446 00183
190429 0914 1 3466748197 00150
190429 0914 2 3466748197 00150
190429 0914 2 3214223381 00188
190429 0917 1 1166545250 00208
190429 0917 1 2742353514 00192
190429 0917 2 1166545250 00208
190429 0917 1 2393511778 00205
190429 0917 2 2742353514 00192
190429 0919 4 3595204294 00193
190429 0919 1 2744845370 00079
190429 0919 2 2744845370 00079
190429 0919 1 3214017429 00180
190429 0920 2 3214017429 00180
190429 0922 1 4435111614 00164
190429 0922 2 4435111614 00164
190429 0923 2 2732830658 00207
190429 0924 3 3214505957 00202
190429 0924 4 3214505957 00202
190429 0924 2 2744845370 00079
190429 0927 1 3145645846 00198
190429 0927 2 3145645846 00198
190429 0927 2 2742353514 00192
190429 0928 2 3466748197 00150
190429 0929 4 3214505957 00202
190429 0929 3 4285846892 00200
190429 0929 4 4285846892 00200
190429 0931 4 4285846892 00200
190429 0933 1 3214017429 00180
190429 0933 2 3214017429 00180
190429 0935 2 3145645846 00198
190429 0935 1 3391149413 00181
190429 0935 2 3391149413 00181
190429 0938 4 2742354762 00047
190429 0941 1 6238034684 00171
190429 0941 2 6238034684 00171
190429 0941 4 2742354762 00047
190429 0945 2 1484663634 00166
190429 0946 4 0024646619 00169
190429 0948 2 1484663634 00166
190429 0953 2 6237865324 00032
190429 0955 2 3466733797 00190
190429 0957 1 3466658213 00186
190429 0957 2 3466658213 00186
190429 1007 1 4286217980 00905
190429 1007 2 4286217980 00905
190429 1008 4 4285846892 00200
190429 1008 4 3595204294 00193
190429 1017 2 2742353498 00146
190429 1018 4 4285846892 00200
190429 1019 1 4286217980 00905
190429 1019 2 4286217980 00905
190429 1022 1 6355944412 00000
190429 1022 2 3214223381 00188
190429 1025 4 0674051067 00004
190429 1028 1 4285846892 00200
190429 1028 2 4285846892 00200
190429 1032 2 4285846892 00200
190429 1033 4 0024646619 00169
190429 1038 2 3145645846 00198
190429 1043 3 4285846892 00200
190429 1044 4 4285846892 00200
190429 1047 4 4285846892 00200
190429 1050 4 0674051067 00004
190429 1050 4 5714746026 00201
190429 1053 1 3214017429 00180
190429 1053 2 3214017429 00180
190429 1053 4 3214505957 00202
190429 1054 1 3466748197 00150
190429 1055 2 3466748197 00150
190429 1057 1 3466658213 00186
190429 1057 2 3466658213 00186
190429 1102 1 3214223381 00188
190429 1103 1 2744845370 00079
190429 1103 2 2744845370 00079
190429 1105 1 3690229446 00183
190429 1105 2 3690229446 00183
190429 1119 4 2742354762 00047
190429 1124 1 3145645846 00198
190429 1124 2 3145645846 00198
190429 1125 4 3214505957 00202
190429 1126 1 3213553141 00195
190429 1126 2 3213553141 00195
190429 1129 1 2742353498 00146
190429 1129 2 2742353498 00146
190429 1130 1 2394843026 00210
190429 1131 2 2394843026 00210
190429 1131 1 2742353514 00192
190429 1131 2 2742353514 00192
190429 1132 1 2742353514 00192
190429 1133 2 2742353514 00192
190429 1141 1 6237865324 00032
190429 1142 2 6237865324 00032
190429 1142 1 3214017429 00180
190429 1142 2 3214017429 00180
190429 1142 1 1166545250 00208
190429 1142 2 1166545250 00208
190429 1143 4 0024646619 00169
190429 1145 1 2742353514 00192
190429 1145 2 2742353514 00192
190429 1153 1 2393511778 00205
190429 1153 2 2393511778 00205
190429 1154 1 6355944412 00000
190429 1154 2 6355944412 00000
190429 1154 2 3214223381 00188
190429 1156 4 0674051067 00004
190429 1156 4 3214505957 00202
190429 1158 1 4285846892 00200
190429 1158 2 4285846892 00200
190429 1159 1 1484663634 00166
190429 1200 2 1484663634 00166
190429 1206 4 0024646619 00169
190429 1208 4 3595204294 00193
190429 1208 1 2744845370 00079
190429 1209 2 2744845370 00079
190429 1210 1 0674051067 00004
190429 1211 2 0674051067 00004
190429 1212 4 5714746026 00201
190429 1213 4 5714746026 00201
190429 1214 4 3595204294 00193
190429 1214 1 3214223381 00188
190429 1217 4 0674051067 00004
190429 1218 2 3690229446 00183
190429 1218 4 3595204294 00193
190429 1220 2 3690229446 00183
190429 1221 2 3180300217 00153
190429 1221 2 0025842283 00158
190429 1222 2 2732830658 00207
190429 1222 2 2394843026 00210
190429 1222 2 3145645846 00198
190429 1225 2 2732830658 00207
190429 1227 2 6237865324 00032
190429 1228 4 2742354762 00047
190429 1229 4 5713740026 00175
190429 1230 4 5714746026 00201
190429 1233 2 6237865324 00032
190429 1236 2 3391149413 00181
190429 1237 2 3466733797 00190
190429 1237 4 3595204294 00193
190429 1238 2 2394843026 00210
190429 1243 4 0674051067 00004
190429 1243 2 2742353514 00192
190429 1244 2 3465808053 00177
190429 1245 4 0024646619 00169
190429 1246 4 0024646619 00169
190429 1246 2 2742353498 00146
190429 1249 3 4285846892 00200
190429 1249 4 4285846892 00200
190429 1252 1 0025842283 00158
190429 1252 2 0025842283 00158
190429 1253 4 5714746026 00201
190429 1254 1 2742353514 00192
190429 1254 2 2742353514 00192
190429 1256 1 3213553141 00195
190429 1256 2 3213553141 00195
190429 1256 1 3214017429 00180
190429 1256 2 3466658213 00186
190429 1259 1 2393511778 00205
190429 1259 2 2393511778 00205
190429 1259 2 2732830658 00207
190429 1259 1 3466658213 00186
190429 1300 3 4285846892 00200
190429 1301 1 3690229446 00183
190429 1301 2 3690229446 00183
190429 1303 2 2742353498 00146
190429 1304 2 3214017429 00180
190429 1305 2 4286217980 00905
190429 1305 2 2742353498 00146
190429 1305 2 3180300217 00153
190429 1305 1 3466748197 00150
190429 1306 2 3466748197 00150
190429 1306 2 3391149413 00181
190429 1308 2 3145645846 00198
190429 1314 1 3391149413 00181
190429 1314 2 3391149413 00181
190429 1316 1 3145645846 00198
190429 1317 2 3145645846 00198
190429 1318 1 3214017429 00180
190429 1318 2 3214017429 00180
190429 1324 1 2744845370 00079
190429 1325 2 2744845370 00079
190429 1326 1 1484663634 00166
190429 1327 2 1484663634 00166
190429 1327 1 6238034684 00171
190429 1327 2 6238034684 00171
190429 1327 1 3465808053 00177
190429 1328 2 3465808053 00177
190429 1328 1 3180300217 00153
190429 1328 2 3180300217 00153
190429 1329 1 3465808053 00177
190429 1330 2 3465808053 00177
190429 1330 2 3214223381 00188
190429 1333 2 2732830658 00207
190429 1334 4 5714746026 00201
190429 1334 2 3466748197 00150
190429 1334 2 6237865324 00032
190429 1335 2 4286217980 00905
190429 1338 2 1166545250 00208
190429 1339 4 0025842283 00158
190429 1344 2 3180300217 00153
190429 1349 1 3213553141 00195
190429 1349 2 3213553141 00195
190429 1356 1 2393511778 00205
190429 1356 2 2393511778 00205
190429 1358 1 4435111614 00164
190429 1359 2 4435111614 00164
190429 1410 1 0025842283 00158
190429 1410 2 0025842283 00158
190429 1411 2 0674051067 00004
190429 1413 1 2744845370 00079
190429 1414 2 2744845370 00079
190429 1417 1 3214017429 00180
190429 1417 2 3214017429 00180
190429 1417 1 6237865324 00032
190429 1418 2 6237865324 00032
190429 1418 4 0674051067 00004
190429 1422 4 5713740026 00175
190429 1423 4 2742354762 00047
190429 1424 1 5713740026 00175
190429 1424 2 5713740026 00175
190429 1425 4 2742354762 00047
190429 1426 1 3690229446 00183
190429 1426 2 3690229446 00183
190429 1429 1 3214223381 00188
190429 1431 4 5713740026 00175
190429 1443 1 3466748197 00150
190429 1444 2 3466658213 00186
190429 1445 1 1484663634 00166
190429 1446 2 1484663634 00166
190429 1456 1 2744845370 00079
190429 1456 2 2394843026 00210
190429 1457 1 3145645846 00198
190429 1457 2 3145645846 00198
190429 1459 1 6355944412 00000
190429 1459 2 6355944412 00000
190429 1503 4 5714746026 00201
190429 1514 1 2732830658 00207
190429 1514 2 2732830658 00207
190429 1514 1 5713740026 00175
190429 1515 2 5713740026 00175
190429 1517 4 5713740026 00175
190429 1521 2 5713740026 00175
190429 1525 2 3214223381 00188
190429 1528 2 4435111614 00164
190429 1528 4 3214505957 00202
190429 1529 2 3690229446 00183
190429 1530 4 5713740026 00175
190429 1531 2 6237865324 00032
190429 1532 2 2394843026 00210
190429 1548 2 1484663634 00166
190429 1549 2 3214017429 00180
190429 1549 2 2393511778 00205
190429 1550 4 5713740026 00175
190429 1550 2 4286217980 00905
190429 1553 4 0024646619 00169
190429 1553 4 4286217980 00905
190429 1555 2 3213553141 00195
190429 1557 2 4286217980 00905
190429 1600 1 3213553141 00195
190429 1600 2 3213553141 00195
190429 1607 4 2742354762 00047
190429 1607 1 3214223381 00188
190429 1610 1 2394843026 00210
190429 1610 4 3214505957 00202
190429 1610 2 2394843026 00210
190429 1617 1 3466658213 00186
190429 1618 2 3466658213 00186
190429 1621 1 2732830658 00207
190429 1621 2 3690229446 00183
190429 1622 1 2744845370 00079
190429 1622 2 2744845370 00079
190429 1632 4 3595204294 00193
190429 1633 2 4435111614 00164
190429 1639 4 2742354762 00047
190429 1640 1 2744845370 00079
190429 1641 2 2744845370 00079
190429 1644 2 3466748197 00150
190429 1645 1 3465808053 00177
190429 1646 1 0025842283 00158
190429 1646 2 3465808053 00177
190429 1649 1 3465808053 00177
190429 1650 2 3214223381 00188
190429 1650 2 3180611065 00152
190429 1653 1 3145645846 00198
190429 1654 2 3145645846 00198
190429 1656 1 1484663634 00166
190429 1656 2 6238034684 00171
190429 1658 1 1166545250 00208
190429 1659 2 1166545250 00208
190429 1700 1 2394843026 00210
190429 1700 2 2394843026 00210
190429 1703 4 0024646619 00169
190429 1707 1 2742353498 00146
190429 1708 2 2742353498 00146
190429 1709 4 0674051067 00004
190429 1714 4 5714746026 00201
190429 1714 1 0674051067 00004
190429 1714 2 0674051067 00004
190429 1715 2 3214223381 00188
190429 1717 1 3466658213 00186
190429 1717 2 3466658213 00186
190429 1717 4 5713740026 00175
190429 1719 1 3214017429 00180
190429 1719 2 3214017429 00180
190429 1726 1 4435111614 00164
190429 1726 2 4435111614 00164
190429 1728 1 2393511778 00205
190429 1729 2 2393511778 00205
190429 1730 1 0025842283 00158
190429 1730 2 0025842283 00158
190429 1731 4 5714746026 00201
190429 1732 2 3214223381 00188
190429 1734 2 3214223381 00188
190429 1735 1 2394843026 00210
190429 1735 2 2394843026 00210
190429 1740 1 3180300217 00153
190429 1740 2 3180300217 00153
190429 1745 2 3214223381 00188
190429 1746 4 0674051067 00004
190429 1749 4 3214505957 00202
190429 1750 2 0025842283 00158
190429 1756 4 0024646619 00169
190429 1757 1 3690229446 00183
190429 1757 2 3690229446 00183
190429 1801 1 2744845370 00079
190429 1801 4 0024646619 00169
190429 1801 2 2744845370 00079
190429 1801 1 3214223381 00188
190429 1804 1 3214223381 00188
190429 1804 3 0024646619 00169
190429 1804 1 3213553141 00195
190429 1804 2 3213553141 00195
190429 1804 1 1484663634 00166
190429 1805 2 1484663634 00166
190429 1806 3 5714746026 00201
190429 1806 3 5714746026 00201
190429 1809 2 3690229446 00183
190429 1820 2 3214017429 00180
190429 1821 2 2742353498 00146
190429 1822 1 2394843026 00210
190429 1825 2 1166545250 00208
190429 1829 2 3180300217 00153
190429 1830 2 3466733797 00190
190429 1831 1 3180611065 00152
190429 1832 2 3180611065 00152
190429 1832 2 3391149413 00181
190429 1833 1 3213553141 00195
190429 1841 2 3145645846 00198
190429 1841 2 3180300217 00153
190429 1845 1 3180611065 00152
190429 1845 4 3595204294 00193
190429 1846 1 4435111614 00164
190429 1846 2 4286217980 00905
190429 1847 2 4435111614 00164
190429 1847 1 2744845370 00079
190429 1849 1 2742353498 00146
190429 1855 2 1166545250 00208
190429 1855 1 1166545250 00208
190429 1855 1 4435111614 00164
190429 1857 2 3466748197 00150
190429 1857 1 0025842283 00158
190429 1900 2 2393511778 00205
190429 1900 1 3466748197 00150
190429 1901 3 3595204294 00193
190429 1904 4 4286217980 00905
190429 1906 4 0674051067 00004
190429 1908 1 3145645846 00198
190429 1908 1 2393511778 00205
190429 1908 1 2732830658 00207
190429 1908 1 3690229446 00183
190429 1909 1 3466658213 00186
190429 1911 1 3214017429 00180
190429 1915 4 3214505957 00202
190429 1915 1 6238034684 00171
190429 1918 4 3214505957 00202
190429 1921 2 6237865324 00032
190429 1921 4 3214505957 00202
190429 1924 4 3214505957 00202
190429 1925 2 6237865324 00032
190429 1928 3 3214505957 00202
190429 2018 1 6237865324 00032
190429 2034 2 3180300217 00153
190429 2037 1 3391149413 00181
190429 2037 1 3180300217 00153
