190507 0759 1 6237865324 00032
190507 0800 2 0000000000 00032
190507 0806 1 6237865324 00032
190507 0806 2 6237865324 00032
190507 0823 3 0024646619 00169
190507 0824 3 0024646619 00169
190507 0825 4 0024646619 00169
190507 0832 1 3465808053 00177
190507 0832 2 3465808053 00177
190507 0837 1 3465808053 00177
190507 0837 2 3465808053 00177
190507 0840 4 0024646619 00169
190507 0841 3 5714746026 00201
190507 0842 4 5714746026 00201
190507 0842 1 3214223381 00188
190507 0843 1 2742353498 00146
190507 0843 2 2742353498 00146
190507 0844 1 2394843026 00210
190507 0844 2 2394843026 00210
190507 0847 1 2394843026 00210
190507 0849 1 2742353498 00146
190507 0849 2 2742353498 00146
190507 0850 1 3214223381 00188
190507 0850 2 3214223381 00188
190507 0854 4 5714746026 00201
190507 0857 1 3213553141 00195
190507 0857 2 3213553141 00195
190507 0859 2 3213553141 00195
190507 0901 1 2744845370 00079
190507 0901 2 2744845370 00079
190507 0903 1 2394843026 00210
190507 0903 2 2394843026 00210
190507 0905 1 2744845370 00079
190507 0905 2 2744845370 00079
190507 0906 1 2732830658 00207
190507 0906 2 2732830658 00207
190507 0907 1 3690229446 00183
190507 0907 2 3690229446 00183
190507 0917 1 3690229446 00183
190507 0917 2 3690229446 00183
190507 0918 1 2394843026 00210
190507 0918 2 2394843026 00210
190507 0921 1 2393511778 00205
190507 0922 2 2393511778 00205
190507 0922 1 3214017429 00180
190507 0923 2 3214017429 00180
190507 0923 3 3595204294 00193
190507 0923 1 0025842283 00158
190507 0923 2 0025842283 00158
190507 0923 4 3595204294 00193
190507 0924 1 2732830658 00207
190507 0924 2 2732830658 00207
190507 0927 1 2732830658 00207
190507 0927 2 2732830658 00207
190507 0929 1 1166545250 00208
190507 0929 2 1166545250 00208
190507 0931 2 0025842283 00158
190507 0931 3 3214505957 00202
190507 0931 4 3214505957 00202
190507 0932 2 0353805386 00904
190507 0932 3 4285846892 00200
190507 0932 2 0025842283 00158
190507 0932 4 4285846892 00200
190507 0933 1 3466748197 00150
190507 0933 2 3466748197 00150
190507 0933 1 2742353514 00192
190507 0933 2 2742353514 00192
190507 0935 4 2742354762 00047
190507 0936 1 3391149413 00181
190507 0936 2 3391149413 00181
190507 0938 4 2742354762 00047
190507 0938 4 3595204294 00193
190507 0939 1 6238034684 00171
190507 0939 2 6238034684 00171
190507 0939 4 0674051067 00004
190507 0939 1 3466748197 00150
190507 0940 2 3466748197 00150
190507 0941 1 2393511778 00205
190507 0941 2 2393511778 00205
190507 0944 3 4285846892 00200
190507 0946 4 4285846892 00200
190507 0947 1 3466658213 00186
190507 0947 2 3466658213 00186
190507 0948 4 0024646619 00169
190507 0949 1 3690229446 00183
190507 0949 2 3690229446 00183
190507 0950 2 3466658213 00186
190507 0952 1 1484663634 00166
190507 0952 2 1484663634 00166
190507 0953 1 3214017429 00180
190507 0954 2 3214017429 00180
190507 0954 1 2742353514 00192
190507 0954 1 3180300217 00153
190507 0954 2 3180300217 00153
190507 0956 1 2394843026 00210
190507 0957 2 2394843026 00210
190507 0957 4 4285846892 00200
190507 0958 1 1484663634 00166
190507 0958 2 1484663634 00166
190507 1000 1 3466733797 00190
190507 1000 2 3466733797 00190
190507 1008 2 6237865324 00032
190507 1010 2 4285846892 00200
190507 1013 2 3180300217 00153
190507 1015 4 3214505957 00202
190507 1019 4 5714746026 00201
190507 1019 1 4286217980 00905
190507 1019 2 4286217980 00905
190507 1022 1 2742353514 00192
190507 1023 1 6355944412 00000
190507 1023 2 3214223381 00188
190507 1025 1 2742353498 00146
190507 1025 2 2742353498 00146
190507 1028 2 6237865324 00032
190507 1030 1 3465808053 00177
190507 1030 2 3465808053 00177
190507 1031 1 6237865324 00032
190507 1031 2 6237865324 00032
190507 1034 4 2742354762 00047
190507 1034 1 3466658213 00186
190507 1035 2 3466658213 00186
190507 1045 1 3466748197 00150
190507 1046 2 3466748197 00150
190507 1047 2 3214017429 00180
190507 1050 2 2732830658 00207
190507 1054 2 0353805386 00904
190507 1056 2 3213553141 00195
190507 1103 4 4285846892 00200
190507 1104 2 0025842283 00158
190507 1106 2 2393511778 00205
190507 1108 4 3595204294 00193
190507 1109 2 2394843026 00210
190507 1109 3 4285846892 00200
190507 1109 4 3595204294 00193
190507 1112 4 0674051067 00004
190507 1115 2 6355944412 00000
190507 1116 4 5714746026 00201
190507 1121 2 2744845370 00079
190507 1126 3 4285846892 00200
190507 1127 4 0024646619 00169
190507 1129 4 4285846892 00200
190507 1137 1 1166545250 00208
190507 1137 2 1166545250 00208
190507 1138 3 4285846892 00200
190507 1138 1 3214223381 00188
190507 1146 4 3214505957 00202
190507 1147 1 2393511778 00205
190507 1147 2 2393511778 00205
190507 1151 1 0353805386 00904
190507 1151 2 0353805386 00904
190507 1156 1 2742353514 00192
190507 1156 2 2742353514 00192
190507 1158 1 3690229446 00183
190507 1158 2 3690229446 00183
190507 1200 1 2742353498 00146
190507 1200 2 2742353498 00146
190507 1204 2 5714746026 00201
190507 1206 4 3595204294 00193
190507 1206 4 0024646619 00169
190507 1207 2 0674051067 00004
190507 1207 2 2394843026 00210
190507 1210 2 1484663634 00166
190507 1212 2 4286217980 00905
190507 1212 1 3391149413 00181
190507 1214 1 3465808053 00177
190507 1214 2 3465808053 00177
190507 1214 1 0353805386 00904
190507 1215 2 0353805386 00904
190507 1216 4 5714746026 00201
190507 1217 1 3214223381 00188
190507 1218 2 3214223381 00188
190507 1219 4 0674051067 00004
190507 1222 2 6355944412 00000
190507 1229 2 6237865324 00032
190507 1230 2 6355944412 00000
190507 1230 4 2742354762 00047
190507 1235 2 6237865324 00032
190507 1236 2 2732830658 00207
190507 1238 2 2393511778 00205
190507 1240 4 5714746026 00201
190507 1241 3 1166545250 00208
190507 1241 4 1166545250 00208
190507 1243 2 2742353514 00192
190507 1244 2 2732830658 00207
190507 1244 4 0024646619 00169
190507 1244 2 3213553141 00195
190507 1250 2 2742353514 00192
190507 1252 2 3213553141 00195
190507 1255 4 0674051067 00004
190507 1256 2 0353805386 00904
190507 1256 2 3391149413 00181
190507 1257 2 3466733797 00190
190507 1259 2 4286217980 00905
190507 1259 2 2394843026 00210
190507 1300 2 3180300217 00153
190507 1300 2 3214017429 00180
190507 1300 1 2393511778 00205
190507 1300 2 3690229446 00183
190507 1301 2 3465808053 00177
190507 1301 1 2742353514 00192
190507 1302 2 2742353514 00192
190507 1302 2 0353805386 00904
190507 1303 1 2732830658 00207
190507 1303 2 2732830658 00207
190507 1306 1 2394843026 00210
190507 1306 2 2394843026 00210
190507 1306 1 3391149413 00181
190507 1306 2 3391149413 00181
190507 1308 1 2744845370 00079
190507 1308 2 2744845370 00079
190507 1310 1 3214017429 00180
190507 1311 2 3214017429 00180
190507 1312 1 2742353514 00192
190507 1312 2 2742353514 00192
190507 1316 1 3466658213 00186
190507 1316 2 3466658213 00186
190507 1316 1 2732830658 00207
190507 1317 2 2732830658 00207
190507 1320 4 3214505957 00202
190507 1321 1 1484663634 00166
190507 1321 2 1484663634 00166
190507 1322 4 3214505957 00202
190507 1325 1 6238034684 00171
190507 1325 2 6238034684 00171
190507 1328 1 3465808053 00177
190507 1329 2 3465808053 00177
190507 1330 2 3214223381 00188
190507 1331 2 0353805386 00904
190507 1333 2 3466658213 00186
190507 1335 4 3595204294 00193
190507 1336 2 1166545250 00208
190507 1338 2 2742353498 00146
190507 1341 2 1166545250 00208
190507 1341 2 3466658213 00186
190507 1351 1 3465808053 00177
190507 1351 2 3465808053 00177
190507 1352 1 0025842283 00158
190507 1353 2 0025842283 00158
190507 1354 4 0024646619 00169
190507 1355 1 4286217980 00905
190507 1356 2 4286217980 00905
190507 1359 1 3391149413 00181
190507 1400 1 2394843026 00210
190507 1400 2 3391149413 00181
190507 1402 1 6355944412 00000
190507 1402 2 6355944412 00000
190507 1403 2 3214223381 00188
190507 1418 1 0025842283 00158
190507 1419 2 0025842283 00158
190507 1425 4 2742354762 00047
190507 1427 1 6237865324 00032
190507 1427 2 6237865324 00032
190507 1427 4 3214505957 00202
190507 1429 2 3690229446 00183
190507 1430 2 3214017429 00180
190507 1430 2 2742353514 00192
190507 1437 2 2394843026 00210
190507 1440 2 2394843026 00210
190507 1444 2 2732830658 00207
190507 1445 2 0674051067 00004
190507 1448 2 2744845370 00079
190507 1449 2 1484663634 00166
190507 1451 4 3214505957 00202
190507 1453 2 3466748197 00150
190507 1455 4 3595204294 00193
190507 1506 2 3213553141 00195
190507 1509 2 2393511778 00205
190507 1511 2 2742353514 00192
190507 1522 1 3466658213 00186
190507 1522 2 3466658213 00186
190507 1525 1 2732830658 00207
190507 1525 2 2732830658 00207
190507 1530 1 2742353514 00192
190507 1531 2 2742353514 00192
190507 1533 4 0024646619 00169
190507 1534 1 2394843026 00210
190507 1534 2 2394843026 00210
190507 1545 4 0674051067 00004
190507 1552 1 1484663634 00166
190507 1552 2 1484663634 00166
190507 1554 4 3214505957 00202
190507 1555 1 2744845370 00079
190507 1556 2 2744845370 00079
190507 1556 1 3213553141 00195
190507 1557 2 3213553141 00195
190507 1600 1 0674051067 00004
190507 1601 2 0674051067 00004
190507 1602 1 6237865324 00032
190507 1602 2 6237865324 00032
190507 1603 1 0025842283 00158
190507 1603 2 0025842283 00158
190507 1606 4 2742354762 00047
190507 1609 1 3466733797 00190
190507 1609 2 3466733797 00190
190507 1609 1 1484663634 00166
190507 1609 2 1484663634 00166
190507 1610 1 2742353514 00192
190507 1610 2 2742353514 00192
190507 1611 1 2393511778 00205
190507 1612 2 2393511778 00205
190507 1614 1 0353805386 00904
190507 1614 2 0353805386 00904
190507 1616 4 0674051067 00004
190507 1621 2 4286217980 00905
190507 1625 1 1166545250 00208
190507 1625 2 1166545250 00208
190507 1626 2 3214223381 00188
190507 1633 1 3466748197 00150
190507 1633 2 2742353498 00146
190507 1634 1 3465808053 00177
190507 1634 2 3465808053 00177
190507 1635 1 3214017429 00180
190507 1635 2 3214017429 00180
190507 1639 1 2394843026 00210
190507 1640 2 2394843026 00210
190507 1659 1 2394843026 00210
190507 1700 2 2394843026 00210
190507 1702 1 3213553141 00195
190507 1702 2 3213553141 00195
190507 1707 1 2742353514 00192
190507 1708 2 2742353514 00192
190507 1708 1 2393511778 00205
190507 1708 2 2393511778 00205
190507 1711 1 6355944412 00000
190507 1711 2 6355944412 00000
190507 1715 1 3214017429 00180
190507 1715 2 3214017429 00180
190507 1718 1 2744845370 00079
190507 1718 2 2744845370 00079
190507 1722 1 2744845370 00079
190507 1725 1 6237865324 00032
190507 1725 2 6237865324 00032
190507 1725 1 3466658213 00186
190507 1726 2 3214017429 00180
190507 1729 2 0353805386 00904
190507 1740 1 1484663634 00166
190507 1741 2 1484663634 00166
190507 1741 1 3214223381 00188
190507 1744 1 2394843026 00210
190507 1744 2 2394843026 00210
190507 1746 1 3214223381 00188
190507 1747 1 6237865324 00032
190507 1749 1 3466658213 00186
190507 1749 2 3466658213 00186
190507 1752 1 4286217980 00905
190507 1752 2 4286217980 00905
190507 1753 2 3214223381 00188
190507 1757 1 0025842283 00158
190507 1757 2 0025842283 00158
190507 1758 1 5714746026 00201
190507 1759 2 0025842283 00158
190507 1800 2 3466748197 00150
190507 1802 2 2742353514 00192
190507 1803 1 3214223381 00188
190507 1803 2 2393511778 00205
190507 1804 2 3391149413 00181
190507 1806 3 0024646619 00169
190507 1810 1 1166545250 00208
190507 1810 2 1166545250 00208
190507 1822 1 3180300217 00153
190507 1822 2 3180300217 00153
190507 1823 1 3213553141 00195
190507 1826 1 2732830658 00207
190507 1826 2 2732830658 00207
190507 1828 1 0674051067 00004
190507 1828 2 0674051067 00004
190507 1828 1 3690229446 00183
190507 1833 1 6355944412 00000
190507 1833 2 6355944412 00000
190507 1838 1 2394843026 00210
190507 1839 1 2744845370 00079
190507 1839 1 3466733797 00190
190507 1839 2 2744845370 00079
190507 1839 1 1166545250 00208
190507 1844 2 2742353498 00146
190507 1845 2 0353805386 00904
190507 1846 1 2744845370 00079
190507 1847 2 1484663634 00166
190507 1857 4 5714746026 00201
190507 1859 2 3214017429 00180
190507 1859 2 1484663634 00166
190507 1900 3 3595204294 00193
190507 1902 2 2393511778 00205
190507 1903 1 3690229446 00183
190507 1903 1 2393511778 00205
190507 1903 1 3391149413 00181
190507 1903 1 2742353498 00146
190507 1903 1 3466658213 00186
190507 1903 1 2732830658 00207
190507 1903 1 3214017429 00180
190507 1907 4 0674051067 00004
190507 1911 4 5714746026 00201
190507 1915 4 3214505957 00202
190507 1936 3 5714746026 00201
190507 1949 4 3214505957 00202
190507 1951 2 2742353514 00192
190507 1953 4 3214505957 00202
190507 2056 2 6355944412 00000
190507 2057 2 3465808053 00177
190507 2057 2 0025842283 00158
190507 2057 2 4285846892 00200
190507 2058 1 3465808053 00177
190507 2059 2 2742353514 00192
190507 2100 1 0025842283 00158
190507 2100 2 0025842283 00158
190507 2103 1 2742353514 00192
190507 2103 2 2742353514 00192
190507 2104 1 2742353514 00192
190507 2133 2 6238034684 00171
190507 2137 1 3466748197 00150
190507 2137 1 6238034684 00171
190507 2153 2 0025842283 00158
190507 2157 2 4285846892 00200
190507 2200 1 0025842283 00158
190507 2200 2 0025842283 00158
190507 2200 3 4285846892 00200
190507 2200 4 4285846892 00200
190507 2204 3 4285846892 00200
190507 2204 3 4285846892 00200
