190313 0752 1 6237865324 00032
190313 0753 2 6237865324 00032
190313 0755 2 3214104853 00901
190313 0756 2 6237865324 00032
190313 0824 2 3214104853 00901
190313 0828 3 0024646619 00169
190313 0829 3 0024646619 00169
190313 0831 4 0024646619 00169
190313 0842 2 6237865324 00032
190313 0843 3 5714746026 00201
190313 0843 3 5714746026 00201
190313 0843 4 5714746026 00201
190313 0847 4 0024646619 00169
190313 0854 4 5714746026 00201
190313 0855 1 3145526534 00199
190313 0855 2 3145526534 00199
190313 0855 1 3465808053 00177
190313 0855 2 3465808053 00177
190313 0858 2 3145526534 00199
190313 0901 1 3690229446 00183
190313 0901 2 3690229446 00183
190313 0907 2 3690229446 00183
190313 0910 1 2393511778 00205
190313 0910 2 2393511778 00205
190313 0912 3 3214104853 00901
190313 0912 4 3214104853 00901
190313 0914 2 2393511778 00205
190313 0916 2 0025842283 00158
190313 0916 2 3690229446 00183
190313 0917 4 3214104853 00901
190313 0918 1 3214223381 00188
190313 0922 2 3214223381 00188
190313 0923 1 3213553141 00195
190313 0923 2 3213553141 00195
190313 0924 2 3214223381 00188
190313 0924 3 3595204294 00193
190313 0925 4 3595204294 00193
190313 0925 1 3214017429 00180
190313 0926 2 3214017429 00180
190313 0926 2 3213553141 00195
190313 0926 1 3145645846 00198
190313 0927 2 3145645846 00198
190313 0927 1 3180611065 00152
190313 0927 2 3180611065 00152
190313 0930 1 3466748197 00150
190313 0930 2 3466748197 00150
190313 0931 4 2742354762 00047
190313 0931 3 3214505957 00202
190313 0931 4 3214505957 00202
190313 0931 2 0674051067 00004
190313 0932 2 3214223381 00188
190313 0933 4 5714746026 00201
190313 0933 2 0025842283 00158
190313 0934 1 2742353514 00192
190313 0934 4 0674051067 00004
190313 0934 2 2742353514 00192
190313 0934 2 3214104853 00901
190313 0935 4 2742354762 00047
190313 0936 2 3180611065 00152
190313 0936 2 3145645846 00198
190313 0937 2 2742353514 00192
190313 0938 2 6355944412 00000
190313 0939 1 2744845370 00079
190313 0939 2 2744845370 00079
190313 0942 3 4285846892 00200
190313 0942 4 4285846892 00200
190313 0943 4 4285846892 00200
190313 0943 1 6238034684 00171
190313 0943 2 6238034684 00171
190313 0944 2 2744845370 00079
190313 0947 2 3214223381 00188
190313 0948 4 3595204294 00193
190313 0948 2 3690229446 00183
190313 0951 2 3391149413 00181
190313 0951 4 3214104853 00901
190313 0952 2 3466733797 00190
190313 0955 1 3466658213 00186
190313 0955 2 3466658213 00186
190313 0956 1 3408463525 00184
190313 0956 2 3408463525 00184
190313 1003 4 3214505957 00202
190313 1003 1 4285846892 00200
190313 1003 2 4285846892 00200
190313 1005 1 3180300217 00153
190313 1006 2 3180300217 00153
190313 1007 4 0024646619 00169
190313 1007 1 2742353514 00192
190313 1007 2 2742353514 00192
190313 1011 1 3180300217 00153
190313 1011 2 3180300217 00153
190313 1014 1 3214104853 00901
190313 1020 4 0674051067 00004
190313 1024 4 5714746026 00201
190313 1028 1 4286217980 00905
190313 1029 2 4286217980 00905
190313 1034 1 4286217980 00905
190313 1035 2 4286217980 00905
190313 1036 1 3214223381 00188
190313 1042 1 3466658213 00186
190313 1042 2 3466658213 00186
190313 1043 4 3214505957 00202
190313 1043 1 3214017429 00180
190313 1044 2 3214017429 00180
190313 1053 1 2393511778 00205
190313 1055 2 3145645846 00198
190313 1056 1 2742353514 00192
190313 1056 2 2742353514 00192
190313 1057 1 3145526534 00199
190313 1057 2 3145526534 00199
190313 1057 4 4286217980 00905
190313 1059 4 2742354762 00047
190313 1100 1 4286217980 00905
190313 1100 2 4286217980 00905
190313 1106 1 6355944412 00000
190313 1106 2 6355944412 00000
190313 1106 1 3466748197 00150
190313 1106 2 3466748197 00150
190313 1107 2 3214223381 00188
190313 1110 4 3145645846 00198
190313 1117 1 3408463525 00184
190313 1118 2 3408463525 00184
190313 1124 4 3595204294 00193
190313 1126 1 3145645846 00198
190313 1126 2 3145645846 00198
190313 1129 1 3214223381 00188
190313 1131 1 6237865324 00032
190313 1131 2 6237865324 00032
190313 1132 1 3214017429 00180
190313 1132 2 3214017429 00180
190313 1133 4 6237865324 00032
190313 1134 1 2742353514 00192
190313 1134 2 2742353514 00192
190313 1137 1 3213553141 00195
190313 1137 2 3213553141 00195
190313 1145 1 3466658213 00186
190313 1145 2 3466658213 00186
190313 1149 1 2393511778 00205
190313 1149 2 2393511778 00205
190313 1149 3 4285846892 00200
190313 1149 4 4285846892 00200
190313 1151 1 0025842283 00158
190313 1151 2 0025842283 00158
190313 1153 1 3408463525 00184
190313 1154 2 3408463525 00184
190313 1159 4 3214505957 00202
190313 1201 1 3145645846 00198
190313 1201 2 3145645846 00198
190313 1202 2 3466658213 00186
190313 1203 1 3214017429 00180
190313 1204 2 3214017429 00180
190313 1210 4 0024646619 00169
190313 1210 2 4286217980 00905
190313 1211 2 3180300217 00153
190313 1213 1 3466733797 00190
190313 1213 2 3466733797 00190
190313 1216 1 3180300217 00153
190313 1216 2 3180300217 00153
190313 1217 1 2742353514 00192
190313 1219 1 3180611065 00152
190313 1219 2 3180611065 00152
190313 1221 1 6237865324 00032
190313 1222 2 6237865324 00032
190313 1225 1 0025842283 00158
190313 1227 4 3595204294 00193
190313 1227 1 6237865324 00032
190313 1227 2 6237865324 00032
190313 1229 1 6237865324 00032
190313 1230 2 6237865324 00032
190313 1233 2 3180611065 00152
190313 1233 1 6355944412 00000
190313 1234 2 6355944412 00000
190313 1243 1 3465808053 00177
190313 1243 2 3465808053 00177
190313 1246 2 2742353514 00192
190313 1247 1 3213553141 00195
190313 1247 2 3213553141 00195
190313 1249 1 2742353514 00192
190313 1249 2 2742353514 00192
190313 1250 2 0025842283 00158
190313 1259 1 3466748197 00150
190313 1259 2 0025842283 00158
190313 1300 1 2742353498 00146
190313 1303 4 2742354762 00047
190313 1303 4 0024646619 00169
190313 1304 2 3145526534 00199
190313 1307 1 3690229446 00183
190313 1307 2 3690229446 00183
190313 1311 1 3465808053 00177
190313 1311 2 3465808053 00177
190313 1313 1 3466733797 00190
190313 1314 2 3466733797 00190
190313 1314 4 3595204294 00193
190313 1316 3 4285846892 00200
190313 1316 4 5714746026 00201
190313 1316 1 2744845370 00079
190313 1316 2 2744845370 00079
190313 1317 1 3180611065 00152
190313 1317 2 3180611065 00152
190313 1317 2 3214017429 00180
190313 1319 2 3180300217 00153
190313 1319 1 6238034684 00171
190313 1320 2 6238034684 00171
190313 1322 3 5714746026 00201
190313 1322 4 5714746026 00201
190313 1323 3 4285846892 00200
190313 1323 4 4285846892 00200
190313 1324 1 3180611065 00152
190313 1324 2 3180611065 00152
190313 1326 2 2742353498 00146
190313 1327 2 3180611065 00152
190313 1328 2 3466748197 00150
190313 1330 2 3214223381 00188
190313 1331 2 3465808053 00177
190313 1332 2 3214017429 00180
190313 1332 2 3466748197 00150
190313 1333 2 3145645846 00198
190313 1334 2 2742353514 00192
190313 1335 4 3214505957 00202
190313 1336 1 2393511778 00205
190313 1336 2 2393511778 00205
190313 1337 4 5713740026 00175
190313 1337 1 2742353498 00146
190313 1338 1 2742353498 00146
190313 1338 2 2742353498 00146
190313 1340 1 6237865324 00032
190313 1340 2 6237865324 00032
190313 1341 1 3180300217 00153
190313 1342 2 3180300217 00153
190313 1342 1 2742353514 00192
190313 1342 2 2742353514 00192
190313 1343 4 6237865324 00032
190313 1344 4 3214505957 00202
190313 1344 1 3180300217 00153
190313 1344 2 3180300217 00153
190313 1344 1 3213553141 00195
190313 1344 2 3213553141 00195
190313 1346 4 3595204294 00193
190313 1348 1 3408463525 00184
190313 1348 2 3408463525 00184
190313 1350 1 3145526534 00199
190313 1350 2 3145526534 00199
190313 1352 1 3214505957 00202
190313 1353 1 3145526534 00199
190313 1353 2 3145526534 00199
190313 1354 4 3214505957 00202
190313 1356 1 4285846892 00200
190313 1357 2 3466658213 00186
190313 1357 1 3214223381 00188
190313 1359 1 4285846892 00200
190313 1402 2 3391149413 00181
190313 1406 2 0025842283 00158
190313 1419 4 3214505957 00202
190313 1419 1 2742353498 00146
190313 1419 2 2742353498 00146
190313 1428 1 3690229446 00183
190313 1428 2 3690229446 00183
190313 1432 4 2742354762 00047
190313 1439 4 0024646619 00169
190313 1441 1 2744845370 00079
190313 1441 2 2744845370 00079
190313 1442 2 4286217980 00905
190313 1448 4 3595204294 00193
190313 1448 2 3214017429 00180
190313 1451 1 2742353514 00192
190313 1451 2 2742353514 00192
190313 1452 2 3213553141 00195
190313 1459 1 3408463525 00184
190313 1459 2 3408463525 00184
190313 1500 4 0024646619 00169
190313 1505 1 6237865324 00032
190313 1505 2 6237865324 00032
190313 1507 1 3466748197 00150
190313 1507 2 3466748197 00150
190313 1508 1 3466658213 00186
190313 1509 2 3466658213 00186
190313 1510 4 6237865324 00032
190313 1512 1 0674051067 00004
190313 1513 2 0674051067 00004
190313 1516 4 0674051067 00004
190313 1517 1 2742353514 00192
190313 1518 2 2742353514 00192
190313 1518 4 3214505957 00202
190313 1525 2 3465808053 00177
190313 1527 4 5713740026 00175
190313 1536 1 2393511778 00205
190313 1537 2 2393511778 00205
190313 1540 1 5713740026 00175
190313 1540 2 5713740026 00175
190313 1542 4 3595204294 00193
190313 1543 2 3214223381 00188
190313 1545 1 6238034684 00171
190313 1545 2 5713740026 00175
190313 1546 4 3595204294 00193
190313 1550 2 3408463525 00184
190313 1551 1 6355944412 00000
190313 1551 2 6355944412 00000
190313 1551 1 3466733797 00190
190313 1551 2 2742353514 00192
190313 1555 2 6237865324 00032
190313 1555 2 3690229446 00183
190313 1556 4 5714746026 00201
190313 1557 4 2742354762 00047
190313 1609 2 3145645846 00198
190313 1611 4 5713740026 00175
190313 1616 2 2393511778 00205
190313 1617 4 3214505957 00202
190313 1617 4 0674051067 00004
190313 1617 2 3213553141 00195
190313 1626 4 6237865324 00032
190313 1627 2 3465808053 00177
190313 1630 2 3408463525 00184
190313 1631 2 3145526534 00199
190313 1635 2 3214017429 00180
190313 1636 2 4285846892 00200
190313 1637 2 3690229446 00183
190313 1639 2 4285846892 00200
190313 1642 2 2742353498 00146
190313 1642 2 3214223381 00188
190313 1643 2 3466658213 00186
190313 1644 2 0025842283 00158
190313 1646 2 3690229446 00183
190313 1651 1 3408463525 00184
190313 1651 2 2742353514 00192
190313 1651 3 2744845370 00079
190313 1651 4 2744845370 00079
190313 1654 2 2742353514 00192
190313 1654 2 2744845370 00079
190313 1656 2 2744845370 00079
190313 1659 4 5714746026 00201
190313 1700 2 4285846892 00200
190313 1702 2 3180611065 00152
190313 1704 2 0025842283 00158
190313 1704 1 2393511778 00205
190313 1705 2 2393511778 00205
190313 1706 2 2742353498 00146
190313 1707 1 5713740026 00175
190313 1707 1 4286217980 00905
190313 1708 1 0025842283 00158
190313 1710 1 3466658213 00186
190313 1711 2 3466658213 00186
190313 1711 2 4286217980 00905
190313 1711 2 0025842283 00158
190313 1714 2 3465808053 00177
190313 1714 1 3466748197 00150
190313 1715 2 3180300217 00153
190313 1715 2 3466748197 00150
190313 1715 2 3145526534 00199
190313 1715 2 3214223381 00188
190313 1716 1 6237865324 00032
190313 1716 1 3213553141 00195
190313 1717 2 3213553141 00195
190313 1717 1 3180300217 00153
190313 1718 2 3180300217 00153
190313 1719 2 3214223381 00188
190313 1720 1 6237865324 00032
190313 1720 2 6237865324 00032
190313 1720 3 4285846892 00200
190313 1720 1 3465808053 00177
190313 1721 4 4285846892 00200
190313 1721 2 3465808053 00177
190313 1722 2 3214223381 00188
190313 1722 4 3595204294 00193
190313 1726 1 3408463525 00184
190313 1726 2 3408463525 00184
190313 1728 2 0025842283 00158
190313 1728 3 4285846892 00200
190313 1729 4 3214505957 00202
190313 1730 1 2742353514 00192
190313 1730 2 2742353514 00192
190313 1733 4 6237865324 00032
190313 1740 1 3145645846 00198
190313 1740 2 3145645846 00198
190313 1740 1 3690229446 00183
190313 1740 2 3690229446 00183
190313 1744 2 3408463525 00184
190313 1745 1 3214017429 00180
190313 1745 2 3214017429 00180
190313 1746 1 2393511778 00205
190313 1746 2 3180611065 00152
190313 1749 1 3180300217 00153
190313 1749 2 3180300217 00153
190313 1750 2 5713740026 00175
190313 1751 1 4286217980 00905
190313 1754 1 6237865324 00032
190313 1756 2 4286217980 00905
190313 1757 4 5713740026 00175
190313 1800 1 2742353514 00192
190313 1801 2 3213553141 00195
190313 1801 1 3214223381 00188
190313 1801 2 3408463525 00184
190313 1802 3 0024646619 00169
190313 1802 4 0024646619 00169
190313 1804 1 3214223381 00188
190313 1810 2 3466658213 00186
190313 1812 3 5714746026 00201
190313 1812 3 5714746026 00201
190313 1816 1 3145526534 00199
190313 1817 2 3145526534 00199
190313 1818 2 3213553141 00195
190313 1819 2 2744845370 00079
190313 1824 1 3213553141 00195
190313 1828 2 0025842283 00158
190313 1829 2 2393511778 00205
190313 1835 2 3466658213 00186
190313 1839 2 6237865324 00032
190313 1840 2 0025842283 00158
190313 1841 2 6237865324 00032
190313 1843 1 3408463525 00184
190313 1843 2 3408463525 00184
190313 1843 1 3145526534 00199
190313 1847 1 2393511778 00205
190313 1847 3 3595204294 00193
190313 1848 4 3595204294 00193
190313 1851 3 3595204294 00193
190313 1851 1 3466658213 00186
190313 1853 1 2742353498 00146
190313 1853 2 2742353498 00146
190313 1856 1 3408463525 00184
190313 1856 2 3408463525 00184
190313 1858 1 0025842283 00158
190313 1900 1 0025842283 00158
190313 1900 1 3465808053 00177
190313 1900 1 3145645846 00198
190313 1900 2 3145645846 00198
190313 1900 2 2744845370 00079
190313 1902 1 3180611065 00152
190313 1902 1 3408463525 00184
190313 1903 1 3214017429 00180
190313 1903 2 3214017429 00180
190313 1905 1 2744845370 00079
190313 1905 2 2744845370 00079
190313 1905 4 3214505957 00202
190313 1906 1 3690229446 00183
190313 1906 1 3145645846 00198
190313 1906 1 2742353498 00146
190313 1906 1 3214017429 00180
190313 1907 1 3391149413 00181
190313 1909 2 6238034684 00171
190313 1911 4 3214505957 00202
190313 1915 4 3214505957 00202
190313 1916 3 3214505957 00202
190313 1919 1 3466748197 00150
190313 1933 1 2744845370 00079
190313 1933 1 6238034684 00171
190313 1937 2 6237865324 00032
190313 2014 1 6237865324 00032
190313 2014 1 6237865324 00032
