190302 0903 1 3690229446 00183
190302 0905 1 2742353498 00146
190302 0906 2 3690229446 00183
190302 0906 2 2742353498 00146
190302 0910 2 3690229446 00183
190302 0928 2 2742353498 00146
190302 0936 1 3690229446 00183
190302 0936 2 3690229446 00183
190302 1035 2 2742353498 00146
190302 1037 1 3690229446 00183
190302 1037 2 3690229446 00183
190302 1216 1 2742353498 00146
190302 1216 2 3690229446 00183
190302 1249 1 2742353498 00146
190302 1249 2 2742353498 00146
190302 1353 1 3690229446 00183
190302 1353 2 3690229446 00183
190302 1415 1 3690229446 00183
190302 1415 2 3690229446 00183
190302 1424 1 3690229446 00183
190302 1424 2 3690229446 00183
190302 1524 1 3690229446 00183
190302 1524 2 3690229446 00183
190302 1530 2 2742353498 00146
190302 1531 2 2742353498 00146
190302 1539 1 3690229446 00183
190302 1539 1 2742353498 00146
190302 1714 1 6355944412 00000
190302 1715 2 6355944412 00000
