190314 0752 1 6237865324 00032
190314 0752 2 6237865324 00032
190314 0755 1 6237865324 00032
190314 0755 2 6237865324 00032
190314 0831 3 0024646619 00169
190314 0832 3 0024646619 00169
190314 0833 4 0024646619 00169
190314 0840 3 5714746026 00201
190314 0840 3 5714746026 00201
190314 0840 4 5714746026 00201
190314 0845 4 5714746026 00201
190314 0846 4 0024646619 00169
190314 0847 1 2744845370 00079
190314 0847 2 2744845370 00079
190314 0849 4 0674051067 00004
190314 0851 1 2744845370 00079
190314 0851 2 2744845370 00079
190314 0909 1 3145526534 00199
190314 0910 1 4435111614 00164
190314 0912 1 2393511778 00205
190314 0909 2 3145526534 00199
190314 0910 2 4435111614 00164
190314 0912 2 2393511778 00205
190314 0915 1 3690229446 00183
190314 0915 2 3690229446 00183
190314 0915 1 2393511778 00205
190314 0916 2 2393511778 00205
190314 0918 1 2742353498 00146
190314 0918 2 2742353498 00146
190314 0921 1 3213553141 00195
190314 0921 2 3213553141 00195
190314 0921 1 3690229446 00183
190314 0921 2 3690229446 00183
190314 0922 1 3466748197 00150
190314 0922 2 3466748197 00150
190314 0924 1 3213553141 00195
190314 0924 2 3213553141 00195
190314 0928 1 0025842283 00158
190314 0928 2 0025842283 00158
190314 0929 2 2742353498 00146
190314 0930 1 3466748197 00150
190314 0930 2 3466748197 00150
190314 0931 3 3214505957 00202
190314 0931 4 3214505957 00202
190314 0933 4 2742354762 00047
190314 0934 1 3145645846 00198
190314 0934 2 3145645846 00198
190314 0935 1 6237865324 00032
190314 0935 2 6237865324 00032
190314 0936 4 3214505957 00202
190314 0937 4 2742354762 00047
190314 0937 3 3595204294 00193
190314 0937 4 3595204294 00193
190314 0937 1 0025842283 00158
190314 0937 2 0025842283 00158
190314 0940 1 3214017429 00180
190314 0940 2 3214017429 00180
190314 0943 4 3595204294 00193
190314 0944 1 3145645846 00198
190314 0945 1 2742353514 00192
190314 0945 2 2742353514 00192
190314 0946 2 3145645846 00198
190314 0947 2 3466733797 00190
190314 0948 2 3391149413 00181
190314 0949 2 3391149413 00181
190314 0951 2 6237865324 00032
190314 0951 1 3690229446 00183
190314 0952 2 3690229446 00183
190314 0952 1 2742353514 00192
190314 0952 2 2742353514 00192
190314 0954 4 5713740026 00175
190314 0955 1 3595839158 00194
190314 0956 2 3595839158 00194
190314 0956 1 5713740026 00175
190314 0957 2 5713740026 00175
190314 0957 4 3214505957 00202
190314 0958 4 3214505957 00202
190314 0959 1 3145526534 00199
190314 1000 1 3145645846 00198
190314 1001 2 3145645846 00198
190314 1004 1 3595839158 00194
190314 1004 2 3595839158 00194
190314 1007 1 3466658213 00186
190314 1007 2 3466658213 00186
190314 1009 1 3145526534 00199
190314 1009 2 3145526534 00199
190314 1019 4 0024646619 00169
190314 1023 2 4435111614 00164
190314 1025 1 2742353514 00192
190314 1025 4 0674051067 00004
190314 1025 2 2742353514 00192
190314 1026 2 4435111614 00164
190314 1028 2 4435111614 00164
190314 1029 2 4435111614 00164
190314 1032 1 0674051067 00004
190314 1033 2 0674051067 00004
190314 1033 1 4435111614 00164
190314 1038 2 3214017429 00180
190314 1038 4 3595204294 00193
190314 1039 2 5713740026 00175
190314 1040 2 0025842283 00158
190314 1040 1 2744845370 00079
190314 1040 2 2744845370 00079
190314 1040 1 6355944412 00000
190314 1040 2 6355944412 00000
190314 1053 1 3466658213 00186
190314 1053 2 3466658213 00186
190314 1058 1 2742353514 00192
190314 1059 2 2742353514 00192
190314 1059 1 6237865324 00032
190314 1059 1 3145526534 00199
190314 1100 2 3145526534 00199
190314 1103 2 6237865324 00032
190314 1111 4 2742354762 00047
190314 1114 1 3214017429 00180
190314 1114 2 3214017429 00180
190314 1115 1 2393511778 00205
190314 1116 1 0025842283 00158
190314 1116 2 0025842283 00158
190314 1117 4 5713740026 00175
190314 1121 1 3145645846 00198
190314 1121 1 5714746026 00201
190314 1121 2 5714746026 00201
190314 1127 4 3214505957 00202
190314 1127 1 3595839158 00194
190314 1127 2 3595839158 00194
190314 1131 1 3145526534 00199
190314 1131 2 3145526534 00199
190314 1134 1 5713740026 00175
190314 1134 2 5713740026 00175
190314 1135 1 3213553141 00195
190314 1135 2 3213553141 00195
190314 1137 4 5713740026 00175
190314 1139 1 0674051067 00004
190314 1141 2 0674051067 00004
190314 1142 2 4435111614 00164
190314 1148 4 0674051067 00004
190314 1151 1 3690229446 00183
190314 1152 2 3690229446 00183
190314 1153 1 2393511778 00205
190314 1154 2 2393511778 00205
190314 1154 4 5714746026 00201
190314 1155 4 5714746026 00201
190314 1158 1 2742353514 00192
190314 1158 2 3214017429 00180
190314 1159 1 3466658213 00186
190314 1159 2 3466658213 00186
190314 1201 2 4435111614 00164
190314 1205 4 0024646619 00169
190314 1208 4 3214505957 00202
190314 1209 4 0674051067 00004
190314 1211 1 3466748197 00150
190314 1211 2 3466748197 00150
190314 1212 4 3595204294 00193
190314 1213 2 0025842283 00158
190314 1215 4 3595204294 00193
190314 1223 2 3391149413 00181
190314 1229 2 6237865324 00032
190314 1230 4 2742354762 00047
190314 1237 4 0024646619 00169
190314 1241 2 4435111614 00164
190314 1242 1 6237865324 00032
190314 1243 2 6237865324 00032
190314 1245 1 3690229446 00183
190314 1246 2 3690229446 00183
190314 1246 2 3466733797 00190
190314 1251 2 3466748197 00150
190314 1300 4 5713740026 00175
190314 1302 2 3145645846 00198
190314 1304 2 2744845370 00079
190314 1304 4 5714746026 00201
190314 1304 2 3690229446 00183
190314 1306 2 0025842283 00158
190314 1306 4 0024646619 00169
190314 1307 2 3466733797 00190
190314 1309 4 5714746026 00201
190314 1309 2 3391149413 00181
190314 1310 2 3466658213 00186
190314 1311 2 2393511778 00205
190314 1312 1 0025842283 00158
190314 1312 2 0025842283 00158
190314 1314 2 4435111614 00164
190314 1317 1 3690229446 00183
190314 1317 2 3690229446 00183
190314 1330 1 2744845370 00079
190314 1330 2 2744845370 00079
190314 1331 4 3214505957 00202
190314 1331 4 0024646619 00169
190314 1333 1 2742353498 00146
190314 1333 2 3214017429 00180
190314 1337 2 3145645846 00198
190314 1337 4 3214505957 00202
190314 1339 2 2742353514 00192
190314 1340 2 2742353498 00146
190314 1340 2 2742353498 00146
190314 1341 2 3466658213 00186
190314 1341 4 3595204294 00193
190314 1343 2 3595839158 00194
190314 1344 2 3214017429 00180
190314 1347 4 5713740026 00175
190314 1350 4 2742354762 00047
190314 1350 2 3213553141 00195
190314 1355 2 3145645846 00198
190314 1415 4 3145645846 00198
190314 1417 4 6237865324 00032
190314 1418 1 0025842283 00158
190314 1418 2 0025842283 00158
190314 1419 1 3690229446 00183
190314 1419 2 3690229446 00183
190314 1420 4 3214505957 00202
190314 1421 1 3690229446 00183
190314 1422 2 3690229446 00183
190314 1422 4 3214505957 00202
190314 1423 1 3145645846 00198
190314 1431 1 3145526534 00199
190314 1431 2 3145526534 00199
190314 1436 4 0025842283 00158
190314 1438 1 0025842283 00158
190314 1438 2 0025842283 00158
190314 1442 4 0674051067 00004
190314 1443 2 3145645846 00198
190314 1443 1 3408463525 00184
190314 1444 2 3408463525 00184
190314 1445 1 2742353514 00192
190314 1445 2 2742353514 00192
190314 1445 1 3465808053 00177
190314 1445 2 3465808053 00177
190314 1448 3 3214104853 00901
190314 1448 4 3214104853 00901
190314 1449 1 3466748197 00150
190314 1449 2 3595839158 00194
190314 1451 1 3408463525 00184
190314 1451 4 2742354762 00047
190314 1451 2 3408463525 00184
190314 1451 2 3466748197 00150
190314 1451 1 2393511778 00205
190314 1452 2 2393511778 00205
190314 1455 2 3391149413 00181
190314 1456 1 3180611065 00152
190314 1456 2 3145645846 00198
190314 1459 2 3391149413 00181
190314 1500 2 3466733797 00190
190314 1502 2 3214104853 00901
190314 1504 1 3214017429 00180
190314 1504 2 3214017429 00180
190314 1504 1 3180611065 00152
190314 1504 2 3180611065 00152
190314 1510 1 3214104853 00901
190314 1511 2 3180611065 00152
190314 1513 1 3213553141 00195
190314 1514 2 3213553141 00195
190314 1520 1 6237865324 00032
190314 1521 4 3214505957 00202
190314 1523 1 3145526534 00199
190314 1524 2 4435111614 00164
190314 1525 4 3214505957 00202
190314 1526 1 3465808053 00177
190314 1528 1 6355944412 00000
190314 1528 2 6355944412 00000
190314 1530 1 3690229446 00183
190314 1530 2 3690229446 00183
190314 1531 2 3465808053 00177
190314 1533 2 6237865324 00032
190314 1535 1 6238034684 00171
190314 1535 2 6238034684 00171
190314 1536 4 0674051067 00004
190314 1540 1 0674051067 00004
190314 1540 2 2742353514 00192
190314 1540 1 2393511778 00205
190314 1540 2 2393511778 00205
190314 1547 1 6237865324 00032
190314 1547 2 6237865324 00032
190314 1549 1 3595839158 00194
190314 1552 1 3214017429 00180
190314 1552 2 3214017429 00180
190314 1553 2 3145645846 00198
190314 1553 4 0024646619 00169
190314 1553 1 5713740026 00175
190314 1554 2 5713740026 00175
190314 1555 1 3466658213 00186
190314 1555 2 3466658213 00186
190314 1555 2 6237865324 00032
190314 1557 4 5713740026 00175
190314 1559 2 4435111614 00164
190314 1601 2 4435111614 00164
190314 1602 1 3595839158 00194
190314 1602 2 3595839158 00194
190314 1604 4 2742354762 00047
190314 1607 2 3145645846 00198
190314 1609 1 3214017429 00180
190314 1609 2 3214017429 00180
190314 1615 2 0674051067 00004
190314 1616 1 2744845370 00079
190314 1616 2 2744845370 00079
190314 1617 1 3145645846 00198
190314 1618 2 3466733797 00190
190314 1619 2 3145645846 00198
190314 1620 2 3466748197 00150
190314 1623 2 2742353498 00146
190314 1624 4 0674051067 00004
190314 1624 1 2393511778 00205
190314 1624 2 2393511778 00205
190314 1626 1 3690229446 00183
190314 1628 1 3180611065 00152
190314 1628 1 6238034684 00171
190314 1629 4 3214505957 00202
190314 1629 1 2742353514 00192
190314 1629 2 2742353514 00192
190314 1630 1 3214017429 00180
190314 1630 2 3214017429 00180
190314 1633 1 3408463525 00184
190314 1635 2 3408463525 00184
190314 1644 1 6237865324 00032
190314 1644 2 6237865324 00032
190314 1649 1 4435111614 00164
190314 1653 1 3595839158 00194
190314 1655 2 3595839158 00194
190314 1659 1 3213553141 00195
190314 1659 2 3213553141 00195
190314 1701 1 3466748197 00150
190314 1702 1 0674051067 00004
190314 1708 1 3145645846 00198
190314 1709 1 0025842283 00158
190314 1709 2 0025842283 00158
190314 1709 1 3466658213 00186
190314 1710 2 3466748197 00150
190314 1712 1 6237865324 00032
190314 1712 2 6237865324 00032
190314 1713 4 0674051067 00004
190314 1722 1 3690229446 00183
190314 1725 2 3690229446 00183
190314 1726 4 3595204294 00193
190314 1728 1 2393511778 00205
190314 1729 2 2393511778 00205
190314 1730 1 2742353514 00192
190314 1730 2 2742353514 00192
190314 1731 1 6355944412 00000
190314 1731 2 6355944412 00000
190314 1734 4 5713740026 00175
190314 1736 1 5713740026 00175
190314 1736 2 5713740026 00175
190314 1737 1 2742353498 00146
190314 1737 2 3466658213 00186
190314 1742 1 3145645846 00198
190314 1742 2 3145645846 00198
190314 1742 1 4435111614 00164
190314 1744 1 4435111614 00164
190314 1747 2 3145645846 00198
190314 1748 2 4435111614 00164
190314 1748 4 5713740026 00175
190314 1752 2 4435111614 00164
190314 1753 1 3145526534 00199
190314 1753 4 0024646619 00169
190314 1753 2 3145526534 00199
190314 1754 4 5714746026 00201
190314 1755 1 3466733797 00190
190314 1755 2 3466733797 00190
190314 1755 1 3408463525 00184
190314 1755 2 3408463525 00184
190314 1756 4 3214505957 00202
190314 1757 4 0674051067 00004
190314 1758 1 3213553141 00195
190314 1758 2 3213553141 00195
190314 1801 2 3145645846 00198
190314 1801 3 0024646619 00169
190314 1802 1 3465808053 00177
190314 1802 2 3465808053 00177
190314 1803 1 3466658213 00186
190314 1803 2 3466658213 00186
190314 1805 1 2742353514 00192
190314 1805 1 3145526534 00199
190314 1805 2 3145526534 00199
190314 1806 2 4435111614 00164
190314 1810 1 2744845370 00079
190314 1810 2 2744845370 00079
190314 1810 1 6237865324 00032
190314 1810 2 6237865324 00032
190314 1814 3 5714746026 00201
190314 1814 3 5714746026 00201
190314 1819 1 2744845370 00079
190314 1820 1 3214017429 00180
190314 1820 2 3214017429 00180
190314 1820 1 2744845370 00079
190314 1820 1 3213553141 00195
190314 1821 1 2393511778 00205
190314 1821 2 2393511778 00205
190314 1823 1 3408463525 00184
190314 1829 1 6237865324 00032
190314 1829 2 6237865324 00032
190314 1834 1 3145526534 00199
190314 1835 2 3145526534 00199
190314 1838 1 4435111614 00164
190314 1838 2 4435111614 00164
190314 1842 1 4435111614 00164
190314 1846 1 0025842283 00158
190314 1847 2 0025842283 00158
190314 1850 1 3465808053 00177
190314 1850 1 0025842283 00158
190314 1851 1 2393511778 00205
190314 1851 1 3690229446 00183
190314 1852 1 3595839158 00194
190314 1853 2 3595839158 00194
190314 1855 1 3595839158 00194
190314 1855 4 3214505957 00202
190314 1858 1 3391149413 00181
190314 1859 4 3214505957 00202
190314 1902 3 3214505957 00202
190314 1903 1 3466658213 00186
190314 1905 2 2742353498 00146
190314 1905 4 3595204294 00193
190314 1908 3 3595204294 00193
190314 1909 2 3145526534 00199
190314 1909 1 3145645846 00198
190314 1909 2 3145645846 00198
190314 1910 4 0674051067 00004
190314 1912 2 3466748197 00150
190314 1913 2 0674051067 00004
190314 1914 2 2742353498 00146
190314 1915 2 3214017429 00180
190314 1919 1 3214017429 00180
190314 1919 1 2742353498 00146
190314 1919 1 3145645846 00198
190314 1919 1 3466748197 00150
190314 1919 1 3214017429 00180
190314 1919 1 3145526534 00199
190314 1920 1 6237865324 00032
