190502 0753 1 6237865324 00032
190502 0753 2 6237865324 00032
190502 0800 1 3214223381 00188
190502 0802 2 6237865324 00032
190502 0810 2 6237865324 00032
190502 0824 2 0353805386 00904
190502 0826 3 0024646619 00169
190502 0827 3 0024646619 00169
190502 0827 2 6355944412 00000
190502 0828 3 5714746026 00201
190502 0828 3 5714746026 00201
190502 0828 4 5714746026 00201
190502 0828 4 0024646619 00169
190502 0830 1 2742353514 00192
190502 0830 2 2742353514 00192
190502 0833 2 2394843026 00210
190502 0836 4 5714746026 00201
190502 0840 2 2742353514 00192
190502 0847 2 2394843026 00210
190502 0849 4 0024646619 00169
190502 0850 1 2742353498 00146
190502 0850 2 2742353498 00146
190502 0854 2 2742353498 00146
190502 0856 2 6355944412 00000
190502 0856 1 2744845370 00079
190502 0857 2 2744845370 00079
190502 0858 2 2394843026 00210
190502 0858 2 2394843026 00210
190502 0900 1 3690229446 00183
190502 0900 2 3690229446 00183
190502 0900 1 2744845370 00079
190502 0901 2 2744845370 00079
190502 0901 3 3595204294 00193
190502 0901 4 3595204294 00193
190502 0901 1 3465808053 00177
190502 0902 2 3465808053 00177
190502 0904 1 3690229446 00183
190502 0905 2 3690229446 00183
190502 0906 1 2732830658 00207
190502 0906 2 2732830658 00207
190502 0907 2 2742353498 00146
190502 0912 4 3595204294 00193
190502 0913 1 3690229446 00183
190502 0913 2 3690229446 00183
190502 0916 2 3214223381 00188
190502 0917 1 2742353498 00146
190502 0918 1 1166545250 00208
190502 0918 2 2742353498 00146
190502 0918 2 1166545250 00208
190502 0920 3 3214505957 00202
190502 0921 4 3214505957 00202
190502 0922 2 1166545250 00208
190502 0922 2 3465808053 00177
190502 0923 3 4285846892 00200
190502 0923 4 4285846892 00200
190502 0924 1 2393511778 00205
190502 0924 2 2393511778 00205
190502 0924 4 3465808053 00177
190502 0925 1 3466748197 00150
190502 0925 2 3466748197 00150
190502 0926 4 4285846892 00200
190502 0928 2 3465808053 00177
190502 0929 1 3145645846 00198
190502 0929 1 4435111614 00164
190502 0930 2 3145645846 00198
190502 0930 1 3690229446 00183
190502 0930 2 3690229446 00183
190502 0931 4 2742354762 00047
190502 0932 2 2394843026 00210
190502 0934 4 2742354762 00047
190502 0937 1 4286217980 00905
190502 0938 2 4286217980 00905
190502 0939 1 6238034684 00171
190502 0939 2 6238034684 00171
190502 0943 1 3180611065 00152
190502 0943 2 3180611065 00152
190502 0945 1 3214017429 00180
190502 0945 1 3391149413 00181
190502 0945 2 3214017429 00180
190502 0945 2 1484663634 00166
190502 0948 4 0674051067 00004
190502 0952 1 3466658213 00186
190502 0952 2 3466658213 00186
190502 0954 1 6237865324 00032
190502 0954 4 3214505957 00202
190502 0954 2 6237865324 00032
190502 0954 4 4285846892 00200
190502 1002 1 3466733797 00190
190502 1002 2 3466733797 00190
190502 1003 1 2742353514 00192
190502 1004 1 3466658213 00186
190502 1004 2 3466658213 00186
190502 1004 1 3180300217 00153
190502 1005 2 6237865324 00032
190502 1005 2 3180300217 00153
190502 1005 1 2742353514 00192
190502 1005 2 2742353514 00192
190502 1007 4 5714746026 00201
190502 1011 1 2394843026 00210
190502 1011 2 2394843026 00210
190502 1012 1 3214223381 00188
190502 1012 2 3214223381 00188
190502 1015 1 3180300217 00153
190502 1015 2 3180300217 00153
190502 1019 4 4285846892 00200
190502 1024 1 3214017429 00180
190502 1024 2 3214017429 00180
190502 1026 4 3214505957 00202
190502 1030 2 2744845370 00079
190502 1032 2 2394843026 00210
190502 1036 2 2742353498 00146
190502 1037 2 3690229446 00183
190502 1043 2 0674051067 00004
190502 1044 2 3145645846 00198
190502 1045 2 3180300217 00153
190502 1046 4 0024646619 00169
190502 1047 4 0674051067 00004
190502 1047 2 1484663634 00166
190502 1050 2 3180611065 00152
190502 1053 2 4286217980 00905
190502 1055 2 3214104853 00901
190502 1056 2 4286217980 00905
190502 1057 2 3465808053 00177
190502 1058 2 4286217980 00905
190502 1100 2 6237865324 00032
190502 1102 2 6237865324 00032
190502 1103 4 3214505957 00202
190502 1105 2 0674051067 00004
190502 1109 2 0674051067 00004
190502 1110 4 4285846892 00200
190502 1111 2 3466733797 00190
190502 1112 4 0674051067 00004
190502 1112 3 4285846892 00200
190502 1113 2 2732830658 00207
190502 1114 2 3214223381 00188
190502 1114 2 2742353514 00192
190502 1114 2 1166545250 00208
190502 1115 4 3595204294 00193
190502 1116 2 2742353498 00146
190502 1119 2 3214223381 00188
190502 1122 2 0674051067 00004
190502 1124 2 2393511778 00205
190502 1125 2 2393511778 00205
190502 1126 4 2742354762 00047
190502 1127 1 3466658213 00186
190502 1128 2 3466658213 00186
190502 1130 2 3214223381 00188
190502 1137 2 2393511778 00205
190502 1138 2 3214223381 00188
190502 1139 2 3214017429 00180
190502 1145 1 4286217980 00905
190502 1145 2 4286217980 00905
190502 1149 4 0024646619 00169
190502 1154 2 6237865324 00032
190502 1156 1 3180300217 00153
190502 1156 2 3180300217 00153
190502 1159 4 3214505957 00202
190502 1200 1 2744845370 00079
190502 1200 2 2744845370 00079
190502 1200 2 3145645846 00198
190502 1201 1 3465808053 00177
190502 1201 2 3465808053 00177
190502 1204 2 3180300217 00153
190502 1210 4 3595204294 00193
190502 1210 4 3214505957 00202
190502 1211 2 3180611065 00152
190502 1212 2 3180611065 00152
190502 1214 2 0674051067 00004
190502 1214 2 3180300217 00153
190502 1214 2 2394843026 00210
190502 1215 2 3391149413 00181
190502 1215 2 3466748197 00150
190502 1217 4 0674051067 00004
190502 1221 2 3180611065 00152
190502 1227 2 6238034684 00171
190502 1229 2 3180611065 00152
190502 1230 4 2742354762 00047
190502 1230 2 3391149413 00181
190502 1234 1 6238034684 00171
190502 1234 1 3391149413 00181
190502 1236 2 6237865324 00032
190502 1237 2 4435111614 00164
190502 1242 2 6355944412 00000
190502 1243 3 1166545250 00208
190502 1243 4 0674051067 00004
190502 1245 2 4286217980 00905
190502 1252 2 1484663634 00166
190502 1257 1 3690229446 00183
190502 1258 4 3595204294 00193
190502 1258 2 3690229446 00183
190502 1301 2 2744845370 00079
190502 1301 2 3466748197 00150
190502 1302 2 2732830658 00207
190502 1304 2 3214017429 00180
190502 1304 2 2393511778 00205
190502 1305 2 2394843026 00210
190502 1306 2 3180300217 00153
190502 1307 2 3145645846 00198
190502 1308 2 4435111614 00164
190502 1310 2 2394843026 00210
190502 1314 4 0024646619 00169
190502 1322 2 2742353498 00146
190502 1323 2 3690229446 00183
190502 1325 4 3214505957 00202
190502 1330 2 1166545250 00208
190502 1330 2 3214223381 00188
190502 1330 4 5713740026 00175
190502 1332 2 3145645846 00198
190502 1335 2 4286217980 00905
190502 1335 2 2732830658 00207
190502 1337 2 3466748197 00150
190502 1344 2 3214017429 00180
190502 1345 2 6355944412 00000
190502 1349 2 3466658213 00186
190502 1402 4 5714746026 00201
190502 1405 2 3145645846 00198
190502 1406 2 2744845370 00079
190502 1409 3 5714746026 00201
190502 1410 4 5714746026 00201
190502 1410 2 4286217980 00905
190502 1413 2 3214223381 00188
190502 1413 2 2393511778 00205
190502 1417 2 3214223381 00188
190502 1418 4 2393511778 00205
190502 1420 2 2393511778 00205
190502 1421 4 3214223381 00188
190502 1421 2 2732830658 00207
190502 1422 2 3465808053 00177
190502 1427 2 4435111614 00164
190502 1433 1 3466748197 00150
190502 1434 2 3466748197 00150
190502 1435 4 2742354762 00047
190502 1436 4 3214505957 00202
190502 1437 4 3214505957 00202
190502 1440 1 1484663634 00166
190502 1441 2 1484663634 00166
190502 1442 4 0024646619 00169
190502 1445 1 3214017429 00180
190502 1446 2 3214017429 00180
190502 1446 1 2742353514 00192
190502 1446 2 2742353514 00192
190502 1446 2 2393511778 00205
190502 1447 2 3214223381 00188
190502 1449 1 6237865324 00032
190502 1449 2 6237865324 00032
190502 1450 1 2742353514 00192
190502 1451 2 2742353514 00192
190502 1451 1 2732830658 00207
190502 1451 2 2732830658 00207
190502 1453 4 0674051067 00004
190502 1454 1 3145645846 00198
190502 1454 2 3145645846 00198
190502 1456 4 5713740026 00175
190502 1457 1 2742353498 00146
190502 1458 2 2742353498 00146
190502 1504 2 4286217980 00905
190502 1504 2 4286217980 00905
190502 1505 1 2394843026 00210
190502 1505 1 2394843026 00210
190502 1505 2 2394843026 00210
190502 1519 4 3214505957 00202
190502 1523 2 3145645846 00198
190502 1529 1 3214017429 00180
190502 1538 4 3595204294 00193
190502 1543 1 1166545250 00208
190502 1543 2 1166545250 00208
190502 1546 2 3145645846 00198
190502 1546 1 1484663634 00166
190502 1547 2 1484663634 00166
190502 1547 1 3214017429 00180
190502 1547 2 2732830658 00207
190502 1552 2 3214017429 00180
190502 1552 2 2742353498 00146
190502 1553 2 2393511778 00205
190502 1554 2 6237865324 00032
190502 1556 4 0674051067 00004
190502 1557 2 3466748197 00150
190502 1557 2 3690229446 00183
190502 1558 2 4286217980 00905
190502 1558 2 4435111614 00164
190502 1559 2 5713740026 00175
190502 1601 4 2742354762 00047
190502 1603 4 5713740026 00175
190502 1606 2 2393511778 00205
190502 1611 2 3465808053 00177
190502 1615 2 3690229446 00183
190502 1617 2 2732830658 00207
190502 1620 2 2742353514 00192
190502 1622 2 3180300217 00153
190502 1623 2 2744845370 00079
190502 1635 1 3391149413 00181
190502 1635 2 6238034684 00171
190502 1635 2 3391149413 00181
190502 1639 2 3180300217 00153
190502 1640 1 2742353498 00146
190502 1640 2 2742353498 00146
190502 1640 2 2394843026 00210
190502 1641 4 5714746026 00201
190502 1647 1 3145645846 00198
190502 1648 2 3145645846 00198
190502 1649 2 6238034684 00171
190502 1650 1 6237865324 00032
190502 1650 2 6237865324 00032
190502 1652 4 0024646619 00169
190502 1652 1 2393511778 00205
190502 1652 2 2393511778 00205
190502 1653 1 2742353514 00192
190502 1654 4 0674051067 00004
190502 1654 2 4286217980 00905
190502 1654 1 3466748197 00150
190502 1654 2 3214223381 00188
190502 1655 2 3214223381 00188
190502 1657 1 4286217980 00905
190502 1657 2 4286217980 00905
190502 1658 1 3466748197 00150
190502 1658 2 2742353498 00146
190502 1658 2 3466658213 00186
190502 1658 1 3214017429 00180
190502 1659 2 3214017429 00180
190502 1701 4 0674051067 00004
190502 1702 1 6237865324 00032
190502 1703 2 6237865324 00032
190502 1705 2 0674051067 00004
190502 1713 1 3466658213 00186
190502 1713 2 3466658213 00186
190502 1716 4 3214505957 00202
190502 1716 4 5713740026 00175
190502 1722 2 4435111614 00164
190502 1726 2 1166545250 00208
190502 1727 2 3145645846 00198
190502 1739 2 5713740026 00175
190502 1741 2 2393511778 00205
190502 1747 4 0674051067 00004
190502 1748 1 3690229446 00183
190502 1748 2 3690229446 00183
190502 1751 2 2744845370 00079
190502 1752 4 0674051067 00004
190502 1758 1 2742353514 00192
190502 1758 2 2742353514 00192
190502 1800 1 3214223381 00188
190502 1800 2 1484663634 00166
190502 1800 3 0024646619 00169
190502 1807 2 3180611065 00152
190502 1809 2 2394843026 00210
190502 1810 3 5714746026 00201
190502 1810 3 5714746026 00201
190502 1811 4 5714746026 00201
190502 1811 3 5714746026 00201
190502 1812 1 2742353514 00192
190502 1812 2 2742353514 00192
190502 1812 2 3466748197 00150
190502 1812 1 2742353514 00192
190502 1815 1 3466658213 00186
190502 1815 2 3466658213 00186
190502 1817 1 2742353498 00146
190502 1817 2 2742353498 00146
190502 1820 4 5713740026 00175
190502 1821 1 3180611065 00152
190502 1821 2 3180611065 00152
190502 1824 1 3145645846 00198
190502 1824 2 2732830658 00207
190502 1824 1 3180300217 00153
190502 1825 2 3180300217 00153
190502 1825 1 2742353498 00146
190502 1825 2 2742353498 00146
190502 1828 1 2393511778 00205
190502 1828 2 2393511778 00205
190502 1828 1 2732830658 00207
190502 1828 4 3595204294 00193
190502 1828 2 2732830658 00207
190502 1832 1 2744845370 00079
190502 1833 3 3595204294 00193
190502 1835 1 1166545250 00208
190502 1839 1 3466733797 00190
190502 1839 2 3466733797 00190
190502 1842 1 1484663634 00166
190502 1842 1 3391149413 00181
190502 1842 2 1484663634 00166
190502 1842 1 3391149413 00181
190502 1846 2 3214017429 00180
190502 1847 1 4435111614 00164
190502 1848 2 4435111614 00164
190502 1849 1 3466733797 00190
190502 1849 1 3465808053 00177
190502 1850 1 2393511778 00205
190502 1851 2 2393511778 00205
190502 1853 1 3466658213 00186
190502 1853 2 3466658213 00186
190502 1855 1 6237865324 00032
190502 1856 1 3690229446 00183
190502 1859 1 4435111614 00164
190502 1900 1 2394843026 00210
190502 1901 2 2394843026 00210
190502 1901 1 4286217980 00905
190502 1901 2 4286217980 00905
190502 1908 1 3466733797 00190
190502 1909 4 0674051067 00004
190502 1910 1 3145645846 00198
190502 1910 1 3466658213 00186
190502 1911 1 3466748197 00150
190502 1911 2 3214017429 00180
190502 1912 2 2393511778 00205
190502 1916 2 3180300217 00153
190502 1917 1 3145645846 00198
190502 1917 1 6238034684 00171
190502 1917 2 3145645846 00198
190502 1919 1 2393511778 00205
190502 1919 1 2732830658 00207
190502 1921 2 2393511778 00205
190502 1921 1 2732830658 00207
190502 1926 2 6237865324 00032
190502 1926 2 2394843026 00210
190502 1926 4 3214505957 00202
190502 1926 1 3214017429 00180
190502 1926 1 3145645846 00198
190502 1926 1 6237865324 00032
190502 1926 1 3180300217 00153
190502 2026 1 2394843026 00210
