190319 0821 3 5714746026 00201
190319 0821 3 5714746026 00201
190319 0821 3 5714746026 00201
190319 0821 3 5714746026 00201
190319 0825 3 0024646619 00169
190319 0826 3 0024646619 00169
190319 0827 4 5714746026 00201
190319 0828 4 0024646619 00169
190319 0828 1 6237865324 00032
190319 0828 4 5714746026 00201
190319 0829 2 6237865324 00032
190319 0830 1 6237865324 00032
190319 0831 2 6237865324 00032
190319 0837 4 0024646619 00169
190319 0843 1 3145526534 00199
190319 0843 2 3145526534 00199
190319 0844 1 3465808053 00177
190319 0845 2 3465808053 00177
190319 0847 1 2744845370 00079
190319 0848 2 2744845370 00079
190319 0851 1 2744845370 00079
190319 0851 2 2744845370 00079
190319 0858 1 3690229446 00183
190319 0858 2 3690229446 00183
190319 0904 1 2732830658 00207
190319 0904 2 2732830658 00207
190319 0904 1 1166545250 00208
190319 0904 2 1166545250 00208
190319 0908 1 3214223381 00188
190319 0909 1 3690229446 00183
190319 0910 2 3690229446 00183
190319 0910 1 2393511778 00205
190319 0910 2 2393511778 00205
190319 0912 1 3690229446 00183
190319 0912 2 3690229446 00183
190319 0913 1 3214223381 00188
190319 0913 3 3595204294 00193
190319 0914 2 3214223381 00188
190319 0914 1 6355944412 00000
190319 0914 4 3595204294 00193
190319 0914 2 6355944412 00000
190319 0914 1 2742353498 00146
190319 0914 2 2742353498 00146
190319 0917 1 0025842283 00158
190319 0917 2 0025842283 00158
190319 0918 1 3213553141 00195
190319 0918 2 3213553141 00195
190319 0919 1 3214017429 00180
190319 0919 2 3214017429 00180
190319 0920 1 3214223381 00188
190319 0920 2 3214223381 00188
190319 0921 1 3213553141 00195
190319 0921 2 3213553141 00195
190319 0922 1 3145526534 00199
190319 0922 2 3145526534 00199
190319 0924 2 2744845370 00079
190319 0925 4 3595204294 00193
190319 0925 4 2742354762 00047
190319 0926 1 4435111614 00164
190319 0927 2 4435111614 00164
190319 0927 4 0024646619 00169
190319 0927 2 3214223381 00188
190319 0927 1 3145645846 00198
190319 0928 2 3145645846 00198
190319 0928 4 2742354762 00047
190319 0928 1 3466748197 00150
190319 0928 2 3466748197 00150
190319 0930 2 3214223381 00188
190319 0934 3 3214505957 00202
190319 0934 4 3214505957 00202
190319 0939 4 0674051067 00004
190319 0941 1 3466733797 00190
190319 0941 2 3466733797 00190
190319 0944 4 0674051067 00004
190319 0947 1 0025842283 00158
190319 0947 2 0025842283 00158
190319 0948 4 0024646619 00169
190319 0951 1 6238034684 00171
190319 0952 2 6238034684 00171
190319 0955 1 3408463525 00184
190319 0955 2 3408463525 00184
190319 1000 1 3465808053 00177
190319 1001 2 3465808053 00177
190319 1001 1 3180300217 00153
190319 1002 2 3180300217 00153
190319 1002 1 3595839158 00194
190319 1002 2 3595839158 00194
190319 1006 1 4286217980 00905
190319 1006 2 4286217980 00905
190319 1007 3 2744845370 00079
190319 1007 4 2744845370 00079
190319 1007 1 3180300217 00153
190319 1007 2 3180300217 00153
190319 1009 1 3595839158 00194
190319 1009 2 3595839158 00194
190319 1011 2 3214223381 00188
190319 1013 2 3391149413 00181
190319 1018 1 4286217980 00905
190319 1018 2 4286217980 00905
190319 1023 1 2742353498 00146
190319 1023 2 2742353498 00146
190319 1023 1 1484663634 00166
190319 1023 2 1484663634 00166
190319 1024 2 1484663634 00166
190319 1024 1 3214017429 00180
190319 1025 2 3214017429 00180
190319 1027 1 3214017429 00180
190319 1027 2 3214017429 00180
190319 1033 1 6355944412 00000
190319 1033 2 6355944412 00000
190319 1033 1 3180300217 00153
190319 1034 4 3214505957 00202
190319 1034 2 3145645846 00198
190319 1035 1 1166545250 00208
190319 1036 2 1166545250 00208
190319 1036 4 0024646619 00169
190319 1036 1 6237865324 00032
190319 1037 2 6237865324 00032
190319 1039 4 4286217980 00905
190319 1040 1 2744845370 00079
190319 1040 2 2744845370 00079
190319 1046 1 3466748197 00150
190319 1046 2 3466748197 00150
190319 1048 4 3595204294 00193
190319 1050 1 2732830658 00207
190319 1050 2 2732830658 00207
190319 1053 4 4286217980 00905
190319 1055 4 0024646619 00169
190319 1055 1 4286217980 00905
190319 1059 2 0025842283 00158
190319 1100 2 3214223381 00188
190319 1101 1 3408463525 00184
190319 1102 2 3214223381 00188
190319 1102 3 3213553141 00195
190319 1102 4 3213553141 00195
190319 1104 1 3213553141 00195
190319 1104 2 3213553141 00195
190319 1104 4 3214223381 00188
190319 1105 2 3145526534 00199
190319 1106 1 3465808053 00177
190319 1107 1 3145526534 00199
190319 1109 1 1484663634 00166
190319 1109 2 1484663634 00166
190319 1110 1 3690229446 00183
190319 1110 2 3690229446 00183
190319 1112 2 2393511778 00205
190319 1113 1 1484663634 00166
190319 1114 1 6237865324 00032
190319 1114 2 6237865324 00032
190319 1115 4 0674051067 00004
190319 1115 1 3466748197 00150
190319 1115 2 3466748197 00150
190319 1116 2 3145645846 00198
190319 1117 4 2742354762 00047
190319 1121 1 3214104853 00901
190319 1121 2 3214223381 00188
190319 1131 2 4435111614 00164
190319 1138 4 3214505957 00202
190319 1144 1 3214017429 00180
190319 1144 2 3214017429 00180
190319 1150 1 3213553141 00195
190319 1150 2 3213553141 00195
190319 1157 2 3145645846 00198
190319 1158 1 2393511778 00205
190319 1158 2 2393511778 00205
190319 1158 1 3408463525 00184
190319 1200 2 3408463525 00184
190319 1203 2 3595839158 00194
190319 1206 1 0674051067 00004
190319 1206 2 0674051067 00004
190319 1208 2 3466733797 00190
190319 1211 4 0024646619 00169
190319 1214 2 4435111614 00164
190319 1217 4 3595204294 00193
190319 1217 2 3690229446 00183
190319 1218 4 0674051067 00004
190319 1218 1 1166545250 00208
190319 1218 2 1166545250 00208
190319 1218 2 3466733797 00190
190319 1223 1 3145645846 00198
190319 1223 2 3145645846 00198
190319 1227 1 6237865324 00032
190319 1227 2 6237865324 00032
190319 1229 4 2742354762 00047
190319 1233 1 6237865324 00032
190319 1233 2 6237865324 00032
190319 1234 4 0674051067 00004
190319 1237 1 3214223381 00188
190319 1238 2 3214223381 00188
190319 1239 1 6355944412 00000
190319 1239 2 6355944412 00000
190319 1242 2 3214223381 00188
190319 1244 2 4286217980 00905
190319 1244 1 1166545250 00208
190319 1244 2 1166545250 00208
190319 1245 2 4286217980 00905
190319 1246 2 2732830658 00207
190319 1248 1 4286217980 00905
190319 1250 2 3466733797 00190
190319 1258 2 3690229446 00183
190319 1258 4 3595204294 00193
190319 1259 4 0024646619 00169
190319 1300 2 3180300217 00153
190319 1303 4 0024646619 00169
190319 1303 2 4286217980 00905
190319 1303 2 0025842283 00158
190319 1305 1 3145645846 00198
190319 1305 2 3145645846 00198
190319 1306 1 3465808053 00177
190319 1308 2 3145526534 00199
190319 1309 1 2732830658 00207
190319 1311 1 2393511778 00205
190319 1311 2 2393511778 00205
190319 1311 1 2732830658 00207
190319 1311 2 2732830658 00207
190319 1313 1 3595839158 00194
190319 1313 2 3595839158 00194
190319 1314 2 1484663634 00166
190319 1321 1 3690229446 00183
190319 1321 2 3690229446 00183
190319 1323 1 3213553141 00195
190319 1323 2 3213553141 00195
190319 1323 1 3214017429 00180
190319 1324 2 3214017429 00180
190319 1324 2 3180300217 00153
190319 1325 2 3214017429 00180
190319 1325 2 3465808053 00177
190319 1326 2 3690229446 00183
190319 1326 1 4286217980 00905
190319 1327 2 4286217980 00905
190319 1328 1 6238034684 00171
190319 1331 2 3214223381 00188
190319 1331 1 0025842283 00158
190319 1331 4 3214505957 00202
190319 1331 2 0025842283 00158
190319 1333 1 3465808053 00177
190319 1333 2 3465808053 00177
190319 1333 1 3180300217 00153
190319 1334 2 3213553141 00195
190319 1334 2 3180300217 00153
190319 1334 2 4286217980 00905
190319 1335 2 3214223381 00188
190319 1335 1 3214017429 00180
190319 1335 2 3214017429 00180
190319 1336 2 3465808053 00177
190319 1337 1 3465808053 00177
190319 1337 1 3180300217 00153
190319 1338 2 3214017429 00180
190319 1339 1 3408463525 00184
190319 1339 2 6238034684 00171
190319 1339 2 3466748197 00150
190319 1339 1 6238034684 00171
190319 1340 1 3145645846 00198
190319 1340 2 2742353498 00146
190319 1341 2 3595839158 00194
190319 1341 2 3690229446 00183
190319 1343 2 3465808053 00177
190319 1344 2 0025842283 00158
190319 1345 2 3180300217 00153
190319 1348 4 3214505957 00202
190319 1348 2 3214223381 00188
190319 1350 2 3214223381 00188
190319 1354 1 3145526534 00199
190319 1356 1 1484663634 00166
190319 1356 2 4286217980 00905
190319 1356 2 1484663634 00166
190319 1356 1 6355944412 00000
190319 1357 2 6355944412 00000
190319 1359 1 3466748197 00150
190319 1359 2 3466748197 00150
190319 1402 2 3145645846 00198
190319 1403 2 0025842283 00158
190319 1403 1 3466748197 00150
190319 1405 1 6355944412 00000
190319 1405 2 3214223381 00188
190319 1407 1 1484663634 00166
190319 1407 2 1484663634 00166
190319 1408 2 3214223381 00188
190319 1408 1 2744845370 00079
190319 1408 2 4435111614 00164
190319 1409 2 3214223381 00188
190319 1411 2 1166545250 00208
190319 1415 4 6355944412 00000
190319 1417 4 3145645846 00198
190319 1417 1 1484663634 00166
190319 1417 2 1484663634 00166
190319 1420 1 6355944412 00000
190319 1420 2 6355944412 00000
190319 1422 4 2742354762 00047
190319 1422 1 3466733797 00190
190319 1422 2 3466733797 00190
190319 1425 2 3145645846 00198
190319 1429 4 3595204294 00193
190319 1430 2 3214223381 00188
190319 1431 4 6237865324 00032
190319 1432 1 3690229446 00183
190319 1432 2 3690229446 00183
190319 1433 2 0025842283 00158
190319 1434 2 3214223381 00188
190319 1436 2 3145645846 00198
190319 1439 1 3595204294 00193
190319 1439 2 3595204294 00193
190319 1449 2 4286217980 00905
190319 1456 1 3690229446 00183
190319 1456 2 3690229446 00183
190319 1457 1 1484663634 00166
190319 1457 2 1484663634 00166
190319 1458 2 3145645846 00198
190319 1458 1 2393511778 00205
190319 1458 2 2393511778 00205
190319 1459 1 6237865324 00032
190319 1500 2 6237865324 00032
190319 1502 2 4435111614 00164
190319 1504 1 3408463525 00184
190319 1504 2 3408463525 00184
190319 1505 2 3214223381 00188
190319 1510 1 3213553141 00195
190319 1510 2 3213553141 00195
190319 1513 1 6237865324 00032
190319 1514 2 6237865324 00032
190319 1518 3 1484663634 00166
190319 1518 4 1484663634 00166
190319 1522 1 3214017429 00180
190319 1522 2 3214017429 00180
190319 1523 1 2744845370 00079
190319 1523 2 2744845370 00079
190319 1526 4 0024646619 00169
190319 1527 1 3145526534 00199
190319 1530 2 0025842283 00158
190319 1532 1 3214223381 00188
190319 1532 2 3214223381 00188
190319 1534 4 3214505957 00202
190319 1536 4 3595204294 00193
190319 1537 1 1484663634 00166
190319 1537 2 1484663634 00166
190319 1539 1 3214223381 00188
190319 1541 4 0674051067 00004
190319 1541 1 3595839158 00194
190319 1542 2 3595839158 00194
190319 1542 1 6355944412 00000
190319 1542 2 6355944412 00000
190319 1544 2 0025842283 00158
190319 1544 1 2393511778 00205
190319 1544 2 2393511778 00205
190319 1549 4 2742354762 00047
190319 1551 2 3214223381 00188
190319 1553 2 3213553141 00195
190319 1558 2 4286217980 00905
190319 1559 1 0025842283 00158
190319 1559 2 0025842283 00158
190319 1604 1 4286217980 00905
190319 1607 1 4286217980 00905
190319 1618 1 3595839158 00194
190319 1618 2 3595839158 00194
190319 1619 2 0025842283 00158
190319 1620 1 3145645846 00198
190319 1621 2 3145645846 00198
190319 1622 2 4286217980 00905
190319 1628 2 4286217980 00905
190319 1629 2 3145526534 00199
190319 1630 4 0674051067 00004
190319 1633 4 3214505957 00202
190319 1634 1 2742353498 00146
190319 1634 2 2742353498 00146
190319 1641 1 6237865324 00032
190319 1641 2 6237865324 00032
190319 1641 2 4286217980 00905
190319 1647 2 4286217980 00905
190319 1648 1 2393511778 00205
190319 1649 4 3595204294 00193
190319 1650 4 3595204294 00193
190319 1651 1 2732830658 00207
190319 1651 2 2732830658 00207
190319 1652 2 4286217980 00905
190319 1652 1 2744845370 00079
190319 1652 2 2744845370 00079
190319 1654 2 4286217980 00905
190319 1654 1 3408463525 00184
190319 1655 2 3408463525 00184
190319 1656 4 0024646619 00169
190319 1657 1 3214017429 00180
190319 1658 2 3214017429 00180
190319 1659 1 3690229446 00183
190319 1659 2 3690229446 00183
190319 1705 4 3145645846 00198
190319 1709 1 3145645846 00198
190319 1710 2 3145645846 00198
190319 1712 2 4435111614 00164
190319 1716 4 3214505957 00202
190319 1720 1 3214223381 00188
190319 1722 1 6355944412 00000
190319 1723 2 2742353498 00146
190319 1723 1 3213553141 00195
190319 1724 2 3213553141 00195
190319 1725 2 3690229446 00183
190319 1729 2 6355944412 00000
190319 1738 4 3145645846 00198
190319 1748 1 6237865324 00032
190319 1752 1 2393511778 00205
190319 1752 2 2393511778 00205
190319 1753 2 4286217980 00905
190319 1754 4 0024646619 00169
190319 1755 1 3145645846 00198
190319 1755 2 2742353498 00146
190319 1756 2 3465808053 00177
190319 1756 1 4286217980 00905
190319 1756 1 3391149413 00181
190319 1758 2 3180300217 00153
190319 1759 2 2744845370 00079
190319 1800 3 0024646619 00169
190319 1801 3 0024646619 00169
190319 1804 1 3214223381 00188
190319 1804 2 3180300217 00153
190319 1804 1 3465808053 00177
190319 1806 1 3180300217 00153
190319 1806 2 3180300217 00153
190319 1809 2 0025842283 00158
190319 1811 1 3214017429 00180
190319 1811 2 3214017429 00180
190319 1814 4 3214505957 00202
190319 1817 1 3408463525 00184
190319 1818 2 3408463525 00184
190319 1819 4 3595204294 00193
190319 1821 1 2744845370 00079
190319 1823 3 3595204294 00193
190319 1826 1 0674051067 00004
190319 1826 2 0674051067 00004
190319 1829 2 3145645846 00198
190319 1832 2 0674051067 00004
190319 1832 1 2393511778 00205
190319 1832 2 2393511778 00205
190319 1833 1 3213553141 00195
190319 1833 2 3213553141 00195
190319 1834 2 1166545250 00208
190319 1834 1 1166545250 00208
190319 1836 1 3213553141 00195
190319 1840 2 4286217980 00905
190319 1840 2 3180300217 00153
190319 1843 4 0674051067 00004
190319 1844 2 0025842283 00158
190319 1844 1 4435111614 00164
190319 1846 1 2742353498 00146
190319 1846 2 2742353498 00146
190319 1848 1 3408463525 00184
190319 1848 2 3408463525 00184
190319 1850 2 4286217980 00905
190319 1850 1 3180300217 00153
190319 1851 1 4435111614 00164
190319 1902 4 3214505957 00202
190319 1906 4 3214505957 00202
190319 1909 4 3214505957 00202
190319 1911 3 3214505957 00202
190319 1919 2 3690229446 00183
190319 1925 2 3408463525 00184
190319 1926 2 3214017429 00180
190319 1926 2 3690229446 00183
190319 1929 1 2732830658 00207
190319 1931 1 6355944412 00000
190319 1933 1 3690229446 00183
190319 1933 2 6355944412 00000
190319 1934 2 3214017429 00180
190319 1935 2 3180300217 00153
190319 1936 1 3214017429 00180
190319 1938 2 2393511778 00205
190319 1939 2 0025842283 00158
190319 1939 1 3595839158 00194
190319 1940 1 2393511778 00205
190319 1940 2 2393511778 00205
190319 1940 2 4286217980 00905
190319 1940 2 3145645846 00198
190319 1940 1 3145645846 00198
190319 1941 2 3465808053 00177
190319 1941 2 3145526534 00199
190319 1942 2 3391149413 00181
190319 1943 1 2393511778 00205
190319 1943 1 3145645846 00198
190319 1943 2 3145526534 00199
190319 1943 2 3391149413 00181
190319 1943 1 3465808053 00177
190319 1946 2 3180300217 00153
190319 1947 2 4286217980 00905
190319 1950 1 3180300217 00153
190319 1951 2 3180300217 00153
190319 1953 2 3391149413 00181
190319 1953 1 2742353498 00146
190319 1953 1 3145526534 00199
190319 1953 1 4286217980 00905
190319 1953 1 3391149413 00181
190319 2008 1 0025842283 00158
190319 2009 2 0025842283 00158
190319 2014 1 0025842283 00158
190319 2023 3 5714746026 00201
190319 2023 3 5714746026 00201
190319 2023 3 5714746026 00201
190319 2023 3 5714746026 00201
