190304 0802 1 6237865324 00032
190304 0804 2 6237865324 00032
190304 0810 1 6237865324 00032
190304 0810 2 6237865324 00032
190304 0819 3 0024646619 00169
190304 0820 3 0024646619 00169
190304 0821 3 0024646619 00169
190304 0822 4 0024646619 00169
190304 0830 4 0024646619 00169
190304 0841 1 5714746026 00201
190304 0841 1 5714746026 00201
190304 0841 2 5714746026 00201
190304 0845 3 5714746026 00201
190304 0845 4 5714746026 00201
190304 0900 3 5714746026 00201
190304 0900 4 5714746026 00201
190304 0904 1 3465808053 00177
190304 0904 2 3465808053 00177
190304 0906 1 2393511778 00205
190304 0906 2 2393511778 00205
190304 0907 1 2742353498 00146
190304 0907 2 2742353498 00146
190304 0907 3 3595204294 00193
190304 0907 4 3595204294 00193
190304 0909 1 4435111614 00164
190304 0909 2 4435111614 00164
190304 0911 3 3214505957 00202
190304 0911 4 3214505957 00202
190304 0912 1 3690229446 00183
190304 0912 2 3690229446 00183
190304 0915 4 3595204294 00193
190304 0917 1 3213553141 00195
190304 0917 2 3213553141 00195
190304 0918 4 3214505957 00202
190304 0919 1 0025842283 00158
190304 0920 2 0025842283 00158
190304 0921 4 5713740026 00175
190304 0921 1 2744845370 00079
190304 0922 2 2744845370 00079
190304 0922 4 3214505957 00202
190304 0922 1 3214223381 00188
190304 0923 1 3466748197 00150
190304 0923 2 3690229446 00183
190304 0926 4 3214505957 00202
190304 0926 2 3213553141 00195
190304 0927 1 3145645846 00198
190304 0927 2 3145645846 00198
190304 0928 1 3214017429 00180
190304 0928 1 3595839158 00905
190304 0928 2 3214017429 00180
190304 0928 2 3595839158 00905
190304 0929 2 3465808053 00177
190304 0929 2 3391149413 00181
190304 0930 1 3595839158 00905
190304 0930 1 0025842283 00158
190304 0930 2 0025842283 00158
190304 0931 2 3214223381 00188
190304 0931 1 2742353498 00146
190304 0932 2 2742353498 00146
190304 0932 1 3180611065 00152
190304 0932 3 4285846892 00200
190304 0933 4 4285846892 00200
190304 0935 2 3214223381 00188
190304 0935 1 3595839158 00905
190304 0936 2 3595839158 00905
190304 0936 1 3214017429 00180
190304 0937 2 3214017429 00180
190304 0937 3 4285846892 00200
190304 0938 4 4285846892 00200
190304 0938 1 3180611065 00152
190304 0939 1 2742353514 00192
190304 0939 2 3180611065 00152
190304 0939 1 6238034684 00171
190304 0939 2 2742353514 00192
190304 0939 4 2742354762 00047
190304 0940 2 3180611065 00152
190304 0942 1 4285846892 00200
190304 0943 2 4285846892 00200
190304 0943 1 2393511778 00205
190304 0944 2 2393511778 00205
190304 0945 4 0674051067 00004
190304 0947 1 1484663634 00166
190304 0947 2 1484663634 00166
190304 0948 4 2742354762 00047
190304 0949 1 6238034684 00171
190304 0949 2 6238034684 00171
190304 0950 1 3408463525 00184
190304 0951 2 3408463525 00184
190304 0954 1 3466733797 00190
190304 0954 1 0674051067 00004
190304 0954 2 3466733797 00190
190304 0955 2 0674051067 00004
190304 0957 1 3180300217 00153
190304 0958 2 3180300217 00153
190304 1000 2 3214223381 00188
190304 1000 4 0024646619 00169
190304 1003 2 3690229446 00183
190304 1004 1 3213553141 00195
190304 1004 2 3213553141 00195
190304 1010 3 4285846892 00200
190304 1010 4 4285846892 00200
190304 1012 2 3214223381 00188
190304 1024 2 2393511778 00205
190304 1024 2 4435111614 00164
190304 1025 1 4285846892 00200
190304 1025 2 4285846892 00200
190304 1025 2 3180300217 00153
190304 1026 2 3214223381 00188
190304 1027 4 3595204294 00193
190304 1033 3 4285846892 00200
190304 1033 4 4285846892 00200
190304 1035 1 2742353514 00192
190304 1035 2 2742353514 00192
190304 1035 1 4286217980 00905
190304 1038 1 2742353514 00192
190304 1039 2 2742353514 00192
190304 1041 2 3214223381 00188
190304 1052 4 5713740026 00175
190304 1052 4 3214505957 00202
190304 1057 1 3214017429 00180
190304 1057 2 3214017429 00180
190304 1102 1 0025842283 00158
190304 1102 2 0025842283 00158
190304 1103 1 2742353514 00192
190304 1103 2 2742353514 00192
190304 1104 4 0674051067 00004
190304 1106 4 3595204294 00193
190304 1109 1 3465808053 00177
190304 1109 2 3465808053 00177
190304 1111 3 4285846892 00200
190304 1111 4 4285846892 00200
190304 1117 4 0024646619 00169
190304 1120 1 3408463525 00184
190304 1120 2 3408463525 00184
190304 1125 1 2393511778 00205
190304 1125 2 2393511778 00205
190304 1126 4 4286217980 00905
190304 1127 2 6237865324 00032
190304 1129 1 4286217980 00905
190304 1131 4 2742354762 00047
190304 1136 2 3145645846 00198
190304 1136 1 2742353498 00146
190304 1136 2 2742353498 00146
190304 1137 1 3690229446 00183
190304 1138 2 3690229446 00183
190304 1138 2 3214223381 00188
190304 1143 2 3213553141 00195
190304 1144 4 3214223381 00188
190304 1146 1 2742353514 00192
190304 1146 2 2742353514 00192
190304 1146 1 3145645846 00198
190304 1147 2 3145645846 00198
190304 1148 1 3214223381 00188
190304 1149 2 3214223381 00188
190304 1153 1 4435111614 00164
190304 1153 2 4435111614 00164
190304 1154 2 1484663634 00166
190304 1155 1 3690229446 00183
190304 1155 2 3690229446 00183
190304 1155 4 3214505957 00202
190304 1158 4 3214505957 00202
190304 1158 1 3145645846 00198
190304 1158 2 3145645846 00198
190304 1202 2 5714746026 00201
190304 1202 4 5713740026 00175
190304 1205 3 4285846892 00200
190304 1205 4 4285846892 00200
190304 1207 4 0024646619 00169
190304 1208 2 5714746026 00201
190304 1210 2 3145645846 00198
190304 1211 2 3180300217 00153
190304 1211 3 5714746026 00201
190304 1211 4 5714746026 00201
190304 1212 4 0674051067 00004
190304 1213 2 3690229446 00183
190304 1214 2 2393511778 00205
190304 1215 4 0674051067 00004
190304 1217 2 2393511778 00205
190304 1219 2 3180611065 00152
190304 1219 4 0674051067 00004
190304 1222 2 4435111614 00164
190304 1223 4 3595204294 00193
190304 1224 3 4285846892 00200
190304 1224 4 4285846892 00200
190304 1227 1 6237865324 00032
190304 1228 2 6237865324 00032
190304 1228 4 2742354762 00047
190304 1230 4 3595204294 00193
190304 1232 2 2393511778 00205
190304 1233 1 5713740026 00175
190304 1233 2 6237865324 00032
190304 1234 1 3466733797 00190
190304 1234 2 3466733797 00190
190304 1234 1 2393511778 00205
190304 1234 2 2393511778 00205
190304 1246 4 5714746026 00201
190304 1249 4 5714746026 00201
190304 1252 2 3145645846 00198
190304 1252 1 3465808053 00177
190304 1253 2 3465808053 00177
190304 1254 1 3466748197 00150
190304 1254 2 0025842283 00158
190304 1256 2 2742353514 00192
190304 1258 2 3180611065 00152
190304 1259 2 2742353498 00146
190304 1300 3 4285846892 00200
190304 1300 4 4285846892 00200
190304 1301 2 2742353514 00192
190304 1301 4 5714746026 00201
190304 1303 4 4285846892 00200
190304 1305 2 3391149413 00181
190304 1306 2 3690229446 00183
190304 1307 4 3595204294 00193
190304 1308 2 3180611065 00152
190304 1308 2 3145645846 00198
190304 1308 4 5713740026 00175
190304 1311 4 0024646619 00169
190304 1316 1 0025842283 00158
190304 1317 2 0025842283 00158
190304 1323 1 3595839158 00905
190304 1323 2 3595839158 00905
190304 1323 2 3214017429 00180
190304 1324 2 6237865324 00032
190304 1324 2 3180300217 00153
190304 1325 1 2744845370 00079
190304 1325 2 2744845370 00079
190304 1325 1 1484663634 00166
190304 1325 2 1484663634 00166
190304 1326 1 6238034684 00171
190304 1327 2 6238034684 00171
190304 1327 2 3214223381 00188
190304 1330 2 3214223381 00188
190304 1330 2 3214223381 00188
190304 1331 1 2742353498 00146
190304 1331 2 2742353498 00146
190304 1332 1 2742353514 00192
190304 1332 2 2742353514 00192
190304 1333 1 3690229446 00183
190304 1333 2 3690229446 00183
190304 1334 4 3214505957 00202
190304 1335 1 3466748197 00150
190304 1336 2 3466748197 00150
190304 1336 1 3214017429 00180
190304 1336 2 3214017429 00180
190304 1339 1 4435111614 00164
190304 1339 2 4435111614 00164
190304 1339 1 3408463525 00184
190304 1339 2 3408463525 00184
190304 1341 1 3213553141 00195
190304 1341 2 3213553141 00195
190304 1348 1 3214104853 00901
190304 1348 2 3214223381 00188
190304 1350 4 0674051067 00004
190304 1350 1 1484663634 00166
190304 1350 2 1484663634 00166
190304 1353 4 3595204294 00193
190304 1354 2 3145645846 00198
190304 1358 1 3595204294 00193
190304 1359 1 3214223381 00188
190304 1401 4 2742354762 00047
190304 1402 4 3595204294 00193
190304 1403 2 3214223381 00188
190304 1403 1 4285846892 00200
190304 1408 4 0025842283 00158
190304 1411 1 0024646619 00169
190304 1411 2 0024646619 00169
190304 1414 2 3214223381 00188
190304 1415 4 0024646619 00169
190304 1416 2 0025842283 00158
190304 1417 1 3214223381 00188
190304 1421 1 2742353514 00192
190304 1421 2 2742353514 00192
190304 1426 1 3465808053 00177
190304 1428 2 3690229446 00183
190304 1428 2 2742353498 00146
190304 1429 1 2744845370 00079
190304 1429 2 2744845370 00079
190304 1430 1 3214017429 00180
190304 1430 2 3214017429 00180
190304 1432 1 6237865324 00032
190304 1432 2 6237865324 00032
190304 1434 2 1484663634 00166
190304 1437 2 0674051067 00004
190304 1439 4 3214505957 00202
190304 1440 1 4286217980 00905
190304 1440 2 4286217980 00905
190304 1442 2 3180611065 00152
190304 1444 1 3408463525 00184
190304 1444 2 3408463525 00184
190304 1446 4 4285846892 00200
190304 1455 4 3214505957 00202
190304 1457 2 4286217980 00905
190304 1457 2 3690229446 00183
190304 1458 2 3391149413 00181
190304 1501 2 3213553141 00195
190304 1514 4 0674051067 00004
190304 1514 1 0024646619 00169
190304 1515 2 0024646619 00169
190304 1518 1 2742353514 00192
190304 1518 2 2742353514 00192
190304 1519 4 0024646619 00169
190304 1521 4 0024646619 00169
190304 1526 1 2393511778 00205
190304 1526 2 2393511778 00205
190304 1526 1 3690229446 00183
190304 1526 2 3690229446 00183
190304 1526 2 5713740026 00175
190304 1527 4 3214505957 00202
190304 1529 2 4435111614 00164
190304 1531 2 3595839158 00905
190304 1531 2 5713740026 00175
190304 1534 2 2742353498 00146
190304 1536 4 4286217980 00905
190304 1536 4 5713740026 00175
190304 1537 4 2742354762 00047
190304 1541 1 4286217980 00905
190304 1542 2 4286217980 00905
190304 1543 1 3145645846 00198
190304 1543 2 3145645846 00198
190304 1548 3 4285846892 00200
190304 1548 1 3408463525 00184
190304 1548 2 3408463525 00184
190304 1555 1 3214223381 00188
190304 1555 2 3214223381 00188
190304 1556 2 3466733797 00190
190304 1600 1 2744845370 00079
190304 1601 2 2744845370 00079
190304 1606 3 3145645846 00198
190304 1606 4 4435111614 00164
190304 1610 1 3180300217 00153
190304 1610 2 3180300217 00153
190304 1613 1 3466733797 00190
190304 1613 2 3213553141 00195
190304 1615 1 3145645846 00198
190304 1615 2 4435111614 00164
190304 1616 2 3690229446 00183
190304 1616 1 3213553141 00195
190304 1617 2 3213553141 00195
190304 1617 3 1484663634 00166
190304 1617 4 1484663634 00166
190304 1621 4 4285846892 00200
190304 1626 1 0025842283 00158
190304 1626 2 0025842283 00158
190304 1629 1 1484663634 00166
190304 1629 2 1484663634 00166
190304 1631 2 0025842283 00158
190304 1634 1 1484663634 00166
190304 1634 2 1484663634 00166
190304 1635 1 6237865324 00032
190304 1635 2 6237865324 00032
190304 1639 1 2742353514 00192
190304 1639 2 2742353514 00192
190304 1641 1 4435111614 00164
190304 1641 2 4435111614 00164
190304 1642 1 2393511778 00205
190304 1642 2 2393511778 00205
190304 1643 1 3180611065 00152
190304 1643 2 3180611065 00152
190304 1644 4 4285846892 00200
190304 1645 4 3214505957 00202
190304 1646 4 3214505957 00202
190304 1646 1 4285846892 00200
190304 1648 2 4285846892 00200
190304 1648 1 3408463525 00184
190304 1650 3 3595839158 00905
190304 1650 4 4435111614 00164
190304 1652 1 3180611065 00152
190304 1652 2 3180611065 00152
190304 1652 1 3595839158 00905
190304 1653 2 3595839158 00905
190304 1655 1 3391149413 00181
190304 1655 1 4435111614 00164
190304 1655 2 3391149413 00181
190304 1658 1 3466748197 00150
190304 1659 2 3466748197 00150
190304 1702 4 0024646619 00169
190304 1711 1 3595839158 00905
190304 1711 2 3595839158 00905
190304 1711 1 2393511778 00205
190304 1712 2 2393511778 00205
190304 1712 1 2742353498 00146
190304 1712 2 2742353498 00146
190304 1716 4 3595204294 00193
190304 1719 1 3214505957 00202
190304 1721 4 3214505957 00202
190304 1722 4 5713740026 00175
190304 1725 2 3145645846 00198
190304 1726 4 4286217980 00905
190304 1729 1 4286217980 00905
190304 1729 2 4286217980 00905
190304 1731 4 0674051067 00004
190304 1732 4 3466748197 00150
190304 1737 3 4285846892 00200
190304 1737 4 4285846892 00200
190304 1737 1 3466748197 00150
190304 1740 2 3466748197 00150
190304 1740 1 3408463525 00184
190304 1740 2 3408463525 00184
190304 1744 2 3214017429 00180
190304 1746 4 5714746026 00201
190304 1746 2 4435111614 00164
190304 1747 2 3180611065 00152
190304 1748 2 3465808053 00177
190304 1749 2 3213553141 00195
190304 1751 2 3466748197 00150
190304 1753 1 0025842283 00158
190304 1753 2 0025842283 00158
190304 1757 4 0024646619 00169
190304 1757 3 4285846892 00200
190304 1757 4 4285846892 00200
190304 1800 3 4285846892 00200
190304 1800 1 3213553141 00195
190304 1800 1 6237865324 00032
190304 1801 3 0024646619 00169
190304 1801 1 3214223381 00188
190304 1802 1 2742353514 00192
190304 1803 2 2742353514 00192
190304 1803 2 3180611065 00152
190304 1804 1 3214223381 00188
190304 1805 2 6238034684 00171
190304 1805 1 1484663634 00166
190304 1805 2 1484663634 00166
190304 1805 1 2393511778 00205
190304 1806 2 2393511778 00205
190304 1807 4 3214505957 00202
190304 1809 3 5714746026 00201
190304 1820 4 3595204294 00193
190304 1827 1 3408463525 00184
190304 1827 2 3408463525 00184
190304 1828 4 3214505957 00202
190304 1835 1 3595839158 00905
190304 1835 2 3595839158 00905
190304 1836 1 2744845370 00079
190304 1837 3 3595204294 00193
190304 1837 1 3466733797 00190
190304 1837 2 3466733797 00190
190304 1841 1 3180300217 00153
190304 1842 1 2393511778 00205
190304 1843 1 3595839158 00905
190304 1843 1 2742353514 00192
190304 1843 1 4435111614 00164
190304 1844 2 4435111614 00164
190304 1844 1 3145645846 00198
190304 1844 2 3145645846 00198
190304 1845 1 3466733797 00190
190304 1846 1 3690229446 00183
190304 1847 1 4435111614 00164
190304 1848 1 3180611065 00152
190304 1850 1 3466748197 00150
190304 1850 2 3466748197 00150
190304 1851 4 3214505957 00202
190304 1852 1 4286217980 00905
190304 1853 2 4286217980 00905
190304 1855 3 3214505957 00202
190304 1857 4 0674051067 00004
190304 1902 1 6237865324 00032
190304 1902 2 6237865324 00032
190304 1904 1 1484663634 00166
190304 1904 1 6238034684 00171
190304 1906 1 3408463525 00184
190304 1907 1 3145645846 00198
190304 1907 1 3391149413 00181
190304 1907 1 2742353498 00146
190304 1907 1 3214017429 00180
190304 1907 2 2744845370 00079
190304 1950 1 3465808053 00177
190304 1950 2 3465808053 00177
190304 1953 1 0025842283 00158
190304 1954 2 0025842283 00158
190304 1959 1 6237865324 00032
190304 2000 2 6237865324 00032
190304 2013 1 2744845370 00079
190304 2014 1 6237865324 00032
190304 2014 2 6237865324 00032
190304 2017 1 3466748197 00150
190304 2017 1 6237865324 00032
