190320 0758 1 6237865324 00032
190320 0759 2 6237865324 00032
190320 0802 2 3214104853 00901
190320 0807 2 6237865324 00032
190320 0809 2 3214104853 00901
190320 0816 2 6237865324 00032
190320 0816 3 0024646619 00169
190320 0816 3 0024646619 00169
190320 0817 4 0024646619 00169
190320 0829 4 0024646619 00169
190320 0836 2 3465808053 00177
190320 0838 2 0024646619 00169
190320 0839 2 3214104853 00901
190320 0842 4 0024646619 00169
190320 0846 3 5714746026 00201
190320 0846 3 5714746026 00201
190320 0846 3 5714746026 00201
190320 0846 4 5714746026 00201
190320 0846 1 3690229446 00183
190320 0847 2 3690229446 00183
190320 0849 1 3145526534 00199
190320 0849 2 3145526534 00199
190320 0852 3 4285846892 00200
190320 0853 4 4285846892 00200
190320 0855 4 5714746026 00201
190320 0901 2 3690229446 00183
190320 0902 3 4285846892 00200
190320 0902 4 4285846892 00200
190320 0903 2 3690229446 00183
190320 0903 4 4285846892 00200
190320 0904 1 2732830658 00207
190320 0904 2 2732830658 00207
190320 0905 1 2742353498 00146
190320 0905 2 2742353498 00146
190320 0910 1 3214223381 00188
190320 0911 1 3213553141 00195
190320 0911 2 3213553141 00195
190320 0914 2 3214223381 00188
190320 0914 2 0025842283 00158
190320 0915 2 1166545250 00208
190320 0916 1 2393511778 00205
190320 0916 2 2393511778 00205
190320 0917 2 2742353498 00146
190320 0917 2 2732830658 00207
190320 0921 1 3466748197 00150
190320 0921 2 3690229446 00183
190320 0922 1 2742353514 00192
190320 0922 2 2742353514 00192
190320 0923 2 0025842283 00158
190320 0923 3 3595204294 00193
190320 0923 4 3595204294 00193
190320 0927 1 3145645846 00198
190320 0927 2 3145645846 00198
190320 0927 3 3214505957 00202
190320 0928 4 3214505957 00202
190320 0928 2 2742353514 00192
190320 0929 1 3214017429 00180
190320 0929 2 3214017429 00180
190320 0930 1 2744845370 00079
190320 0931 2 2744845370 00079
190320 0931 4 3214104853 00901
190320 0932 2 3214223381 00188
190320 0933 2 3214223381 00188
190320 0935 2 3145645846 00198
190320 0936 2 2744845370 00079
190320 0936 4 0674051067 00004
190320 0937 4 2742354762 00047
190320 0939 2 3214104853 00901
190320 0940 1 3408463525 00184
190320 0940 1 3180611065 00152
190320 0940 2 3408463525 00184
190320 0940 4 2742354762 00047
190320 0943 4 0674051067 00004
190320 0943 4 3595204294 00193
190320 0945 1 3180611065 00152
190320 0946 2 3180611065 00152
190320 0947 1 6238034684 00171
190320 0947 2 6238034684 00171
190320 0952 1 3180300217 00153
190320 0953 2 3180300217 00153
190320 0955 4 3214104853 00901
190320 0955 1 3391149413 00181
190320 0956 2 3391149413 00181
190320 0959 4 0024646619 00169
190320 1000 1 4285846892 00200
190320 1001 4 5714746026 00201
190320 1001 1 1484663634 00166
190320 1001 1 3466658213 00186
190320 1001 1 4286217980 00905
190320 1001 2 1484663634 00166
190320 1001 2 4286217980 00905
190320 1002 1 4285846892 00200
190320 1003 2 4285846892 00200
190320 1003 4 3595204294 00193
190320 1005 1 3466733797 00190
190320 1005 2 3466733797 00190
190320 1006 1 3595839158 00905
190320 1006 2 3595839158 00905
190320 1007 1 3145526534 00199
190320 1007 2 3145526534 00199
190320 1008 4 3214104853 00901
190320 1009 1 4286217980 00905
190320 1009 2 4286217980 00905
190320 1010 1 3465808053 00177
190320 1010 4 4285846892 00200
190320 1010 1 3465808053 00177
190320 1011 2 0025842283 00158
190320 1011 4 3214104853 00901
190320 1012 2 3391149413 00181
190320 1012 1 4285846892 00200
190320 1012 1 3180300217 00153
190320 1013 2 4286217980 00905
190320 1015 2 3465808053 00177
190320 1017 1 4285846892 00200
190320 1017 2 3145526534 00199
190320 1020 1 3595204294 00193
190320 1020 2 3595204294 00193
190320 1022 1 3595839158 00905
190320 1022 2 3595839158 00905
190320 1027 1 3466658213 00186
190320 1027 2 3466658213 00186
190320 1028 4 5714746026 00201
190320 1028 2 3214017429 00180
190320 1031 2 3690229446 00183
190320 1033 2 3214223381 00188
190320 1041 2 6237865324 00032
190320 1048 2 2393511778 00205
190320 1049 4 2744845370 00079
190320 1057 2 3214223381 00188
190320 1058 4 3595204294 00193
190320 1059 2 6355944412 00000
190320 1059 4 3214223381 00188
190320 1102 1 3214223381 00188
190320 1103 1 3466748197 00150
190320 1103 2 3466748197 00150
190320 1110 4 3145645846 00198
190320 1112 1 3145645846 00198
190320 1113 2 3145645846 00198
190320 1113 1 3214223381 00188
190320 1116 1 2742353498 00146
190320 1116 2 2742353498 00146
190320 1117 2 2742353498 00146
190320 1117 1 3595839158 00905
190320 1117 2 3595839158 00905
190320 1119 2 3214017429 00180
190320 1121 1 3466658213 00186
190320 1122 2 3466658213 00186
190320 1125 1 2744845370 00079
190320 1125 2 2744845370 00079
190320 1127 1 3213553141 00195
190320 1127 2 3213553141 00195
190320 1128 1 3595839158 00905
190320 1128 2 3595839158 00905
190320 1130 2 3214223381 00188
190320 1131 1 2732830658 00207
190320 1131 2 2732830658 00207
190320 1132 4 2742354762 00047
190320 1136 1 3690229446 00183
190320 1136 2 3180300217 00153
190320 1137 2 4286217980 00905
190320 1140 1 3145526534 00199
190320 1140 4 3214505957 00202
190320 1142 2 4286217980 00905
190320 1143 4 3595204294 00193
190320 1144 1 6237865324 00032
190320 1144 2 6237865324 00032
190320 1147 1 3690229446 00183
190320 1148 2 3690229446 00183
190320 1152 4 0024646619 00169
190320 1156 2 3180300217 00153
190320 1156 1 2393511778 00205
190320 1156 2 2393511778 00205
190320 1158 2 0025842283 00158
190320 1201 1 3145645846 00198
190320 1202 2 3145645846 00198
190320 1203 2 3214223381 00188
190320 1203 1 3180611065 00152
190320 1207 2 6355944412 00000
190320 1207 2 3180300217 00153
190320 1208 2 0025842283 00158
190320 1209 2 3465808053 00177
190320 1210 1 4285846892 00200
190320 1210 2 3145526534 00199
190320 1210 2 3180300217 00153
190320 1211 1 4286217980 00905
190320 1212 1 3690229446 00183
190320 1212 2 3690229446 00183
190320 1213 3 4285846892 00200
190320 1213 4 4285846892 00200
190320 1213 4 0024646619 00169
190320 1213 1 2393511778 00205
190320 1214 2 2393511778 00205
190320 1214 2 3466658213 00186
190320 1217 1 4285846892 00200
190320 1217 2 3465808053 00177
190320 1218 2 2742353514 00192
190320 1219 2 3145526534 00199
190320 1221 2 2742353514 00192
190320 1223 2 0674051067 00004
190320 1224 2 1484663634 00166
190320 1225 2 3466748197 00150
190320 1227 2 4286217980 00905
190320 1227 2 3466658213 00186
190320 1227 2 2732830658 00207
190320 1228 2 0674051067 00004
190320 1229 2 2742353498 00146
190320 1231 1 2732830658 00207
190320 1231 2 2732830658 00207
190320 1232 4 0674051067 00004
190320 1232 4 2742354762 00047
190320 1235 2 6355944412 00000
190320 1236 2 3180300217 00153
190320 1236 4 2742354762 00047
190320 1236 1 3465808053 00177
190320 1236 1 4285846892 00200
190320 1237 1 6237865324 00032
190320 1239 2 6237865324 00032
190320 1241 1 6355944412 00000
190320 1242 2 6355944412 00000
190320 1245 1 6237865324 00032
190320 1245 2 6237865324 00032
190320 1247 1 2393511778 00205
190320 1247 2 2393511778 00205
190320 1301 4 5714746026 00201
190320 1301 1 2744845370 00079
190320 1301 2 2744845370 00079
190320 1303 1 3466733797 00190
190320 1303 2 3466733797 00190
190320 1305 1 2732830658 00207
190320 1305 2 2732830658 00207
190320 1305 4 5714746026 00201
190320 1306 1 6238034684 00171
190320 1306 2 6238034684 00171
190320 1310 1 3214017429 00180
190320 1310 2 3213553141 00195
190320 1311 2 2742353498 00146
190320 1312 2 3466748197 00150
190320 1313 4 0024646619 00169
190320 1315 4 0024646619 00169
190320 1316 2 3690229446 00183
190320 1318 2 2742353498 00146
190320 1318 2 3466658213 00186
190320 1319 2 3690229446 00183
190320 1321 2 3466748197 00150
190320 1322 2 3214017429 00180
190320 1322 2 3690229446 00183
190320 1324 2 3145645846 00198
190320 1325 4 3214505957 00202
190320 1330 4 3595204294 00193
190320 1331 2 3595839158 00905
190320 1331 2 2732830658 00207
190320 1333 2 2393511778 00205
190320 1334 1 2744845370 00079
190320 1335 2 2393511778 00205
190320 1337 2 3408463525 00184
190320 1340 1 3180611065 00152
190320 1341 2 3180611065 00152
190320 1341 2 3391149413 00181
190320 1341 4 3595204294 00193
190320 1342 2 4286217980 00905
190320 1342 2 3213553141 00195
190320 1344 4 6237865324 00032
190320 1345 2 3391149413 00181
190320 1347 2 3180611065 00152
190320 1347 2 4286217980 00905
190320 1348 1 4435111614 00164
190320 1349 1 6355944412 00000
190320 1349 2 6355944412 00000
190320 1349 2 4435111614 00164
190320 1350 4 0674051067 00004
190320 1351 1 6238034684 00171
190320 1352 2 3214223381 00188
190320 1354 1 2742353514 00192
190320 1355 2 2742353514 00192
190320 1356 1 1484663634 00166
190320 1356 2 1484663634 00166
190320 1357 1 2742353498 00146
190320 1357 2 2742353498 00146
190320 1358 2 3213553141 00195
190320 1359 2 1484663634 00166
190320 1401 2 1484663634 00166
190320 1405 4 3214505957 00202
190320 1414 2 4435111614 00164
190320 1418 2 3214223381 00188
190320 1419 2 3213553141 00195
190320 1422 2 3145645846 00198
190320 1424 4 4286217980 00905
190320 1427 2 3214223381 00188
190320 1429 2 2742353514 00192
190320 1430 2 4286217980 00905
190320 1431 2 4435111614 00164
190320 1434 4 5714746026 00201
190320 1438 4 3595204294 00193
190320 1441 1 6237865324 00032
190320 1441 2 6237865324 00032
190320 1442 3 3595204294 00193
190320 1442 4 2742354762 00047
190320 1444 2 6237865324 00032
190320 1445 2 4286217980 00905
190320 1445 1 3214223381 00188
190320 1446 2 3408463525 00184
190320 1447 1 2393511778 00205
190320 1447 2 2393511778 00205
190320 1448 2 3213553141 00195
190320 1457 2 3214223381 00188
190320 1500 1 3214017429 00180
190320 1501 2 3214017429 00180
190320 1502 2 2742353498 00146
190320 1508 1 3595839158 00905
190320 1509 2 3595839158 00905
190320 1510 1 1484663634 00166
190320 1511 2 1484663634 00166
190320 1511 1 3214223381 00188
190320 1513 1 3145645846 00198
190320 1513 2 3145645846 00198
190320 1515 1 3690229446 00183
190320 1515 2 3690229446 00183
190320 1521 4 3214505957 00202
190320 1524 1 6355944412 00000
190320 1524 2 6355944412 00000
190320 1530 1 3214505957 00202
190320 1531 2 2742353514 00192
190320 1532 1 3466658213 00186
190320 1532 2 3466658213 00186
190320 1532 3 3214505957 00202
190320 1533 4 3214505957 00202
190320 1536 4 3214505957 00202
190320 1539 3 4285846892 00200
190320 1539 4 4285846892 00200
190320 1539 1 3465808053 00177
190320 1540 2 3465808053 00177
190320 1542 4 0024646619 00169
190320 1542 1 0025842283 00158
190320 1543 2 3180300217 00153
190320 1545 4 0024646619 00169
190320 1551 1 2742353498 00146
190320 1551 2 2742353498 00146
190320 1552 2 3180300217 00153
190320 1552 2 6237865324 00032
190320 1555 1 4285846892 00200
190320 1556 4 0024646619 00169
190320 1557 1 3213553141 00195
190320 1557 2 3213553141 00195
190320 1557 2 3408463525 00184
190320 1559 1 3690229446 00183
190320 1559 2 3690229446 00183
190320 1600 1 2393511778 00205
190320 1602 2 3145645846 00198
190320 1604 2 3145645846 00198
190320 1605 4 0674051067 00004
190320 1606 2 3145645846 00198
190320 1617 4 5714746026 00201
190320 1620 2 6355944412 00000
190320 1623 1 4286217980 00905
190320 1627 1 3180611065 00152
190320 1627 2 3180611065 00152
190320 1628 4 2742354762 00047
190320 1633 1 3180611065 00152
190320 1634 1 2742353498 00146
190320 1635 2 2742353514 00192
190320 1635 4 3214505957 00202
190320 1635 2 2742353498 00146
190320 1638 1 3213553141 00195
190320 1640 1 3214223381 00188
190320 1640 2 3214223381 00188
190320 1641 1 3466748197 00150
190320 1641 2 3466748197 00150
190320 1642 1 3595839158 00905
190320 1642 2 3595839158 00905
190320 1646 1 1484663634 00166
190320 1646 1 3214017429 00180
190320 1646 2 3214017429 00180
190320 1647 2 1484663634 00166
190320 1650 1 3408463525 00184
190320 1651 1 3466658213 00186
190320 1651 2 3466658213 00186
190320 1652 2 3180300217 00153
190320 1652 2 4435111614 00164
190320 1652 1 2742353514 00192
190320 1653 2 2742353514 00192
190320 1653 2 3408463525 00184
190320 1654 2 3214223381 00188
190320 1656 1 2732830658 00207
190320 1656 2 2732830658 00207
190320 1658 1 3408463525 00184
190320 1658 2 3408463525 00184
190320 1701 1 3465808053 00177
190320 1701 2 3465808053 00177
190320 1703 1 3180300217 00153
190320 1704 2 3180300217 00153
190320 1707 2 3214223381 00188
190320 1708 1 3180300217 00153
190320 1708 2 3180300217 00153
190320 1709 2 3214223381 00188
190320 1713 2 0025842283 00158
190320 1715 3 4285846892 00200
190320 1715 4 4285846892 00200
190320 1724 1 6237865324 00032
190320 1725 2 6237865324 00032
190320 1728 2 0025842283 00158
190320 1729 2 3213553141 00195
190320 1733 1 4435111614 00164
190320 1733 2 4435111614 00164
190320 1737 4 0024646619 00169
190320 1741 2 3145645846 00198
190320 1741 2 4286217980 00905
190320 1743 1 2393511778 00205
190320 1743 2 2393511778 00205
190320 1745 1 4286217980 00905
190320 1746 2 4286217980 00905
190320 1753 1 0674051067 00004
190320 1753 2 0674051067 00004
190320 1754 4 3214505957 00202
190320 1759 1 3213553141 00195
190320 1759 2 3466658213 00186
190320 1800 1 4286217980 00905
190320 1800 3 0024646619 00169
190320 1801 1 1166545250 00208
190320 1801 2 1166545250 00208
190320 1803 1 3214223381 00188
190320 1804 1 3214223381 00188
190320 1805 1 3145526534 00199
190320 1806 1 2742353514 00192
190320 1807 2 3214017429 00180
190320 1809 4 0674051067 00004
190320 1810 1 2742353514 00192
190320 1811 2 3595839158 00905
190320 1815 3 4285846892 00200
190320 1816 4 4285846892 00200
190320 1816 2 0025842283 00158
190320 1817 2 6237865324 00032
190320 1822 2 4435111614 00164
190320 1824 2 3180300217 00153
190320 1824 2 3180300217 00153
190320 1827 2 3180300217 00153
190320 1830 2 1484663634 00166
190320 1830 1 3595839158 00905
190320 1831 2 3595839158 00905
190320 1832 2 3408463525 00184
190320 1832 2 1166545250 00208
190320 1833 1 3595839158 00905
190320 1833 1 1166545250 00208
190320 1833 1 3595839158 00905
190320 1834 2 3595839158 00905
190320 1834 1 4435111614 00164
190320 1834 1 3595839158 00905
190320 1834 1 3465808053 00177
190320 1839 1 4285846892 00200
190320 1840 2 4285846892 00200
190320 1840 2 1484663634 00166
190320 1845 2 2393511778 00205
190320 1846 2 2742353498 00146
190320 1847 1 2742353498 00146
190320 1848 4 5714746026 00201
190320 1849 1 3408463525 00184
190320 1858 1 2732830658 00207
190320 1858 1 3690229446 00183
190320 1900 2 3690229446 00183
190320 1903 1 2393511778 00205
190320 1903 1 3145645846 00198
190320 1903 1 3466658213 00186
190320 1903 1 3391149413 00181
190320 1903 1 3214017429 00180
190320 1903 1 3466748197 00150
190320 1904 1 1484663634 00166
190320 1904 2 1484663634 00166
190320 1917 4 3214505957 00202
190320 1926 3 4285846892 00200
190320 1927 4 4285846892 00200
190320 1927 1 0025842283 00158
190320 1928 2 0025842283 00158
190320 1935 4 5714746026 00201
190320 1935 3 4285846892 00200
190320 1946 1 1484663634 00166
190320 1946 2 1484663634 00166
190320 2013 1 6237865324 00032
190320 2013 2 6237865324 00032
190320 2015 1 1484663634 00166
190320 2051 3 5714746026 00201
190320 2051 3 5714746026 00201
