190403 0751 1 6237865324 00032
190403 0751 2 6237865324 00032
190403 0755 2 3214104853 00901
190403 0757 2 6237865324 00032
190403 0818 3 0024646619 00169
190403 0818 3 0024646619 00169
190403 0819 4 0024646619 00169
190403 0821 4 6237865324 00032
190403 0827 1 3214104853 00901
190403 0828 2 3214104853 00901
190403 0836 4 0024646619 00169
190403 0836 4 0674051067 00004
190403 0844 3 5714746026 00201
190403 0844 3 5714746026 00201
190403 0844 4 5714746026 00201
190403 0844 1 0674051067 00004
190403 0845 2 0674051067 00004
190403 0849 2 3214104853 00901
190403 0853 4 5714746026 00201
190403 0853 1 6237865324 00032
190403 0854 2 6237865324 00032
190403 0857 2 3214104853 00901
190403 0859 1 3213553141 00195
190403 0859 2 3213553141 00195
190403 0900 4 5714746026 00201
190403 0900 1 3690229446 00183
190403 0900 2 3690229446 00183
190403 0903 2 2394843026 00210
190403 0903 4 0024646619 00169
190403 0905 2 6237865324 00032
190403 0905 1 3465808053 00177
190403 0905 2 3214104853 00901
190403 0905 1 2732830658 00207
190403 0906 2 2732830658 00207
190403 0906 1 4435111614 00164
190403 0906 2 4435111614 00164
190403 0907 2 3213553141 00195
190403 0909 2 3213553141 00195
190403 0909 1 2742353498 00146
190403 0910 2 2742353498 00146
190403 0911 2 3690229446 00183
190403 0914 2 2732830658 00207
190403 0917 1 2393511778 00205
190403 0918 2 2393511778 00205
190403 0918 2 2394843026 00210
190403 0924 2 3690229446 00183
190403 0924 1 1166545250 00208
190403 0925 2 1166545250 00208
190403 0927 3 3595204294 00193
190403 0928 4 0674051067 00004
190403 0928 4 3595204294 00193
190403 0929 1 3180611065 00152
190403 0930 2 1166545250 00208
190403 0930 2 3180611065 00152
190403 0931 3 3214505957 00202
190403 0931 4 3214505957 00202
190403 0934 1 3466748197 00150
190403 0934 2 3466748197 00150
190403 0934 1 3145645846 00198
190403 0934 2 3145645846 00198
190403 0937 1 2742353498 00146
190403 0938 2 2742353498 00146
190403 0938 4 5713740026 00175
190403 0940 2 3690229446 00183
190403 0940 1 3214017429 00180
190403 0940 2 3214017429 00180
190403 0940 1 3690229446 00183
190403 0941 2 3690229446 00183
190403 0941 4 6237865324 00032
190403 0943 3 3214104853 00901
190403 0944 4 3214104853 00901
190403 0948 2 4435111614 00164
190403 0949 1 6238034684 00171
190403 0949 2 6238034684 00171
190403 0950 1 3180611065 00152
190403 0950 2 3180611065 00152
190403 0952 1 3466733797 00190
190403 0953 2 3466733797 00190
190403 0954 2 3145645846 00198
190403 0954 4 3595204294 00193
190403 0956 1 3391149413 00181
190403 0958 2 3391149413 00181
190403 0958 2 3145645846 00198
190403 0958 2 3145645846 00198
190403 0959 1 3466565125 00900
190403 0959 4 3214104853 00901
190403 0959 2 3466748197 00150
190403 0959 1 6237865324 00032
190403 1000 2 2732830658 00207
190403 1002 1 5713740026 00175
190403 1002 2 5713740026 00175
190403 1003 2 4435111614 00164
190403 1004 4 3214505957 00202
190403 1005 2 6237865324 00032
190403 1005 1 3690229446 00183
190403 1005 2 3690229446 00183
190403 1006 4 3214505957 00202
190403 1007 2 6237865324 00032
190403 1007 1 3408463525 00184
190403 1008 2 3408463525 00184
190403 1010 2 3214017429 00180
190403 1010 4 3214505957 00202
190403 1010 2 0674051067 00004
190403 1011 2 6237865324 00032
190403 1011 1 1484663634 00166
190403 1011 1 3466658213 00186
190403 1011 2 1484663634 00166
190403 1011 4 3214104853 00901
190403 1013 1 6237865324 00032
190403 1013 2 6237865324 00032
190403 1014 1 0674051067 00004
190403 1014 2 0674051067 00004
190403 1018 1 2393511778 00205
190403 1018 2 2393511778 00205
190403 1019 1 3595839158 00905
190403 1019 2 3595839158 00905
190403 1021 1 2394843026 00210
190403 1024 2 3595839158 00905
190403 1025 2 3466658213 00186
190403 1027 2 3595839158 00905
190403 1031 4 5713740026 00175
190403 1032 4 0674051067 00004
190403 1034 1 6237865324 00032
190403 1035 2 6237865324 00032
190403 1039 2 4435111614 00164
190403 1039 1 3214104853 00901
190403 1044 1 3465808053 00177
190403 1044 2 3465808053 00177
190403 1050 1 2742353498 00146
190403 1050 2 2742353498 00146
190403 1053 1 3690229446 00183
190403 1053 2 3690229446 00183
190403 1055 4 0674051067 00004
190403 1057 4 5714746026 00201
190403 1107 1 3213553141 00195
190403 1108 2 3214017429 00180
190403 1111 1 3213553141 00195
190403 1111 2 3213553141 00195
190403 1112 1 3145645846 00198
190403 1112 2 3145645846 00198
190403 1114 2 6237865324 00032
190403 1115 2 3180611065 00152
190403 1115 1 3466565125 00900
190403 1115 2 3465808053 00177
190403 1116 2 1166545250 00208
190403 1117 2 3180611065 00152
190403 1117 1 3408463525 00184
190403 1117 4 3214505957 00202
190403 1117 2 3408463525 00184
190403 1119 1 3214505957 00202
190403 1120 2 3214505957 00202
190403 1120 4 0024646619 00169
190403 1124 4 3214505957 00202
190403 1127 1 6237865324 00032
190403 1129 4 5713740026 00175
190403 1134 1 1484663634 00166
190403 1134 2 1484663634 00166
190403 1136 1 3466658213 00186
190403 1136 2 3466658213 00186
190403 1141 1 0353805386 00904
190403 1141 2 0353805386 00904
190403 1145 4 3595204294 00193
190403 1150 1 3214223381 00188
190403 1153 2 3180611065 00152
190403 1154 2 4435111614 00164
190403 1154 1 3214223381 00188
190403 1156 2 4435111614 00164
190403 1156 1 3145645846 00198
190403 1157 2 3145645846 00198
190403 1158 2 0353805386 00904
190403 1159 1 2393511778 00205
190403 1159 2 2393511778 00205
190403 1201 1 0353805386 00904
190403 1201 4 0674051067 00004
190403 1201 2 0353805386 00904
190403 1203 2 3595839158 00905
190403 1204 2 2394843026 00210
190403 1205 2 2742353498 00146
190403 1205 2 3690229446 00183
190403 1208 4 0024646619 00169
190403 1208 2 3214223381 00188
190403 1209 2 2394843026 00210
190403 1211 2 3465808053 00177
190403 1211 2 3213553141 00195
190403 1213 2 3180611065 00152
190403 1214 2 4435111614 00164
190403 1215 2 3595839158 00905
190403 1217 2 3595839158 00905
190403 1217 4 3595204294 00193
190403 1225 2 0025842283 00158
190403 1226 2 2394843026 00210
190403 1229 2 2394843026 00210
190403 1244 4 5714746026 00201
190403 1245 2 6237865324 00032
190403 1247 2 3213553141 00195
190403 1250 2 6237865324 00032
190403 1254 4 0024646619 00169
190403 1254 1 3466733797 00190
190403 1255 2 3466733797 00190
190403 1302 4 3595204294 00193
190403 1304 1 3145645846 00198
190403 1305 2 2732830658 00207
190403 1305 2 3145645846 00198
190403 1305 1 3690229446 00183
190403 1305 2 3690229446 00183
190403 1310 2 0353805386 00904
190403 1310 2 3466748197 00150
190403 1311 2 3408463525 00184
190403 1312 2 4435111614 00164
190403 1314 3 1166545250 00208
190403 1315 2 3408463525 00184
190403 1317 2 3595839158 00905
190403 1319 2 3145645846 00198
190403 1322 2 0674051067 00004
190403 1324 4 3214505957 00202
190403 1326 4 0674051067 00004
190403 1326 2 3391149413 00181
190403 1328 2 1166545250 00208
190403 1330 2 3214223381 00188
190403 1331 2 3213553141 00195
190403 1332 2 2394843026 00210
190403 1333 2 3391149413 00181
190403 1333 2 1484663634 00166
190403 1334 2 3466658213 00186
190403 1335 2 3690229446 00183
190403 1337 2 1484663634 00166
190403 1338 2 3213553141 00195
190403 1338 1 2732830658 00207
190403 1339 2 2732830658 00207
190403 1342 1 6237865324 00032
190403 1342 2 6237865324 00032
190403 1355 4 3595204294 00193
190403 1403 4 0353805386 00904
190403 1403 1 3466748197 00150
190403 1403 2 3466748197 00150
190403 1411 1 3180611065 00152
190403 1412 2 3465808053 00177
190403 1412 2 3180611065 00152
190403 1414 2 4435111614 00164
190403 1415 2 3180611065 00152
190403 1415 2 6237865324 00032
190403 1419 4 5713740026 00175
190403 1424 2 0353805386 00904
190403 1430 1 2732830658 00207
190403 1430 2 2732830658 00207
190403 1431 1 4435111614 00164
190403 1431 2 4435111614 00164
190403 1436 1 0025842283 00158
190403 1436 2 0025842283 00158
190403 1454 1 0353805386 00904
190403 1454 2 0353805386 00904
190403 1505 4 0024646619 00169
190403 1505 2 3408463525 00184
190403 1507 1 3145645846 00198
190403 1508 2 3145645846 00198
190403 1512 1 2394843026 00210
190403 1512 2 2394843026 00210
190403 1517 1 3213553141 00195
190403 1517 2 3213553141 00195
190403 1518 2 3465808053 00177
190403 1521 1 3391149413 00181
190403 1521 2 3180611065 00152
190403 1521 2 2393511778 00205
190403 1522 1 3180611065 00152
190403 1522 2 3180611065 00152
190403 1523 4 5713740026 00175
190403 1524 4 3214505957 00202
190403 1524 1 3214223381 00188
190403 1528 4 0024646619 00169
190403 1530 3 0024646619 00169
190403 1537 1 3180611065 00152
190403 1539 1 1166545250 00208
190403 1539 2 1166545250 00208
190403 1542 1 3465808053 00177
190403 1542 2 3465808053 00177
190403 1552 4 3214505957 00202
190403 1552 1 0353805386 00904
190403 1553 2 0353805386 00904
190403 1553 1 3408463525 00184
190403 1553 2 3408463525 00184
190403 1554 1 1484663634 00166
190403 1555 2 1484663634 00166
190403 1555 1 0353805386 00904
190403 1555 2 0353805386 00904
190403 1558 2 3145645846 00198
190403 1558 1 3466658213 00186
190403 1559 2 3466658213 00186
190403 1601 4 3145645846 00198
190403 1608 4 3214505957 00202
190403 1608 4 3145645846 00198
190403 1610 1 3145645846 00198
190403 1611 2 3145645846 00198
190403 1613 1 2393511778 00205
190403 1613 2 2393511778 00205
190403 1614 1 3145645846 00198
190403 1615 2 3145645846 00198
190403 1620 1 4435111614 00164
190403 1621 2 4435111614 00164
190403 1624 1 3214223381 00188
190403 1634 2 3214017429 00180
190403 1634 4 0674051067 00004
190403 1635 1 3408463525 00184
190403 1636 2 3408463525 00184
190403 1636 2 3214223381 00188
190403 1638 1 3213553141 00195
190403 1639 2 3213553141 00195
190403 1640 1 2732830658 00207
190403 1640 2 2732830658 00207
190403 1642 4 5714746026 00201
190403 1642 1 3466748197 00150
190403 1642 2 3466748197 00150
190403 1644 2 0674051067 00004
190403 1649 2 3214223381 00188
190403 1655 2 3408463525 00184
190403 1657 4 0674051067 00004
190403 1658 2 2393511778 00205
190403 1701 4 0674051067 00004
190403 1704 2 3690229446 00183
190403 1706 2 6237865324 00032
190403 1709 2 4435111614 00164
190403 1709 1 3214017429 00180
190403 1710 2 3214017429 00180
190403 1721 1 4435111614 00164
190403 1722 2 2742353498 00146
190403 1725 1 2393511778 00205
190403 1725 2 2393511778 00205
190403 1728 1 3690229446 00183
190403 1729 2 3690229446 00183
190403 1730 1 0353805386 00904
190403 1731 2 0353805386 00904
190403 1732 1 0353805386 00904
190403 1733 2 0353805386 00904
190403 1733 2 3595839158 00905
190403 1734 2 3408463525 00184
190403 1735 2 3595839158 00905
190403 1735 1 2394843026 00210
190403 1736 2 2394843026 00210
190403 1738 4 0353805386 00904
190403 1739 1 0353805386 00904
190403 1740 2 0353805386 00904
190403 1740 1 3214223381 00188
190403 1742 1 3595839158 00905
190403 1743 2 3595839158 00905
190403 1743 2 2742353498 00146
190403 1745 1 2393511778 00205
190403 1745 2 2393511778 00205
190403 1747 2 3214223381 00188
190403 1753 1 3214223381 00188
190403 1755 4 3595204294 00193
190403 1755 1 3466748197 00150
190403 1756 2 3466748197 00150
190403 1803 1 3214223381 00188
190403 1805 1 2393511778 00205
190403 1805 2 2393511778 00205
190403 1811 1 1166545250 00208
190403 1812 2 1166545250 00208
190403 1817 1 3465808053 00177
190403 1817 2 3465808053 00177
190403 1818 1 3595839158 00905
190403 1818 2 3595839158 00905
190403 1820 4 3595204294 00193
190403 1825 1 3213553141 00195
190403 1825 2 3213553141 00195
190403 1826 4 5714746026 00201
190403 1827 1 2393511778 00205
190403 1827 2 2393511778 00205
190403 1828 4 5713740026 00175
190403 1829 1 0025842283 00158
190403 1830 2 0025842283 00158
190403 1830 1 2393511778 00205
190403 1830 1 3213553141 00195
190403 1832 1 0025842283 00158
190403 1838 2 1166545250 00208
190403 1838 1 1166545250 00208
190403 1838 1 2394843026 00210
190403 1839 2 3391149413 00181
190403 1843 4 3595204294 00193
190403 1844 3 5714746026 00201
190403 1844 3 5714746026 00201
190403 1847 3 3595204294 00193
190403 1847 2 3408463525 00184
190403 1848 1 3145645846 00198
190403 1848 2 3145645846 00198
190403 1850 1 0353805386 00904
190403 1850 2 0353805386 00904
190403 1850 1 2732830658 00207
190403 1850 2 2742353498 00146
190403 1851 1 3690229446 00183
190403 1852 2 3690229446 00183
190403 1852 1 3408463525 00184
190403 1858 1 3465808053 00177
190403 1859 1 3466748197 00150
190403 1900 2 3466748197 00150
190403 1905 2 3145645846 00198
190403 1907 1 2742353498 00146
190403 1907 2 2742353498 00146
190403 1908 1 3690229446 00183
190403 1908 2 3690229446 00183
190403 1911 1 3466658213 00186
190403 1911 1 3145645846 00198
190403 1911 1 2742353498 00146
190403 1911 1 3690229446 00183
190403 1911 1 3214017429 00180
190403 1912 2 2742353498 00146
190403 1914 1 6237865324 00032
190403 1915 2 6237865324 00032
190403 1916 1 6238034684 00171
190403 1918 1 6237865324 00032
190403 1918 2 6237865324 00032
190403 1919 1 3466748197 00150
190403 1919 1 3595839158 00905
190403 1919 2 3595839158 00905
190403 2010 1 6237865324 00032
190403 2010 2 6237865324 00032
190403 2016 1 6237865324 00032
190403 2105 1 3391149413 00181
190403 2105 2 3391149413 00181
190403 2107 1 3391149413 00181
190403 2107 1 3595839158 00905
