190312 0801 1 6237865324 00032
190312 0802 2 6237865324 00032
190312 0804 1 6237865324 00032
190312 0804 2 6237865324 00032
190312 0827 3 0024646619 00169
190312 0828 3 0024646619 00169
190312 0830 4 0024646619 00169
190312 0836 4 0024646619 00169
190312 0840 3 5714746026 00201
190312 0840 4 5714746026 00201
190312 0844 1 3465808053 00177
190312 0844 2 3465808053 00177
190312 0846 1 3145526534 00199
190312 0846 2 3145526534 00199
190312 0848 4 5714746026 00201
190312 0855 1 3145526534 00199
190312 0855 2 3145526534 00199
190312 0905 4 5714746026 00201
190312 0907 1 2742353498 00146
190312 0907 2 2742353498 00146
190312 0912 4 0024646619 00169
190312 0913 1 3690229446 00183
190312 0913 2 3690229446 00183
190312 0916 1 2742353498 00146
190312 0916 2 2742353498 00146
190312 0916 1 2742353514 00192
190312 0916 1 2393511778 00205
190312 0916 2 2742353514 00192
190312 0918 4 5714746026 00201
190312 0919 2 2393511778 00205
190312 0919 1 2742353514 00192
190312 0919 2 2742353514 00192
190312 0920 1 3214223381 00188
190312 0920 1 2744845370 00079
190312 0921 2 2744845370 00079
190312 0921 1 3213553141 00195
190312 0921 2 3213553141 00195
190312 0922 3 3595204294 00193
190312 0922 4 3595204294 00193
190312 0923 1 2742353514 00192
190312 0924 2 2742353514 00192
190312 0925 1 2744845370 00079
190312 0925 2 2744845370 00079
190312 0925 1 3214223381 00188
190312 0926 1 4435111614 00164
190312 0926 2 4435111614 00164
190312 0929 4 5714746026 00201
190312 0929 1 3214017429 00180
190312 0930 2 3214017429 00180
190312 0931 3 3214505957 00202
190312 0931 4 3214505957 00202
190312 0932 2 3690229446 00183
190312 0934 2 3145526534 00199
190312 0936 1 3180611065 00152
190312 0936 2 3180611065 00152
190312 0936 4 3595204294 00193
190312 0937 2 6355944412 00000
190312 0937 1 3466748197 00150
190312 0938 2 3466748197 00150
190312 0943 1 3595839158 00194
190312 0943 2 3595839158 00194
190312 0944 2 3466748197 00150
190312 0946 2 3466748197 00150
190312 0948 2 6355944412 00000
190312 0948 2 3391149413 00181
190312 0949 4 0674051067 00004
190312 0950 1 6238034684 00171
190312 0951 2 6238034684 00171
190312 0953 1 3466658213 00186
190312 0953 4 0674051067 00004
190312 0953 2 3595839158 00194
190312 0954 2 3214223381 00188
190312 0955 4 2742354762 00047
190312 0956 1 3408463525 00184
190312 0956 2 3408463525 00184
190312 0957 2 2742353514 00192
190312 0958 4 2742354762 00047
190312 0959 2 3466733797 00190
190312 1002 4 3214505957 00202
190312 1003 1 3180300217 00153
190312 1004 2 3180300217 00153
190312 1006 4 3214505957 00202
190312 1006 1 3145526534 00199
190312 1006 2 3145526534 00199
190312 1010 1 6237865324 00032
190312 1010 2 6237865324 00032
190312 1015 1 3180300217 00153
190312 1015 2 3180300217 00153
190312 1016 2 3214017429 00180
190312 1019 1 2742353514 00192
190312 1019 2 2742353514 00192
190312 1029 1 4286217980 00905
190312 1029 2 4286217980 00905
190312 1033 3 5714746026 00201
190312 1034 4 5714746026 00201
190312 1036 2 2742353498 00146
190312 1037 4 4286217980 00905
190312 1038 1 6237865324 00032
190312 1038 2 6237865324 00032
190312 1039 1 5714746026 00201
190312 1042 1 4286217980 00905
190312 1042 2 4286217980 00905
190312 1042 1 6355944412 00000
190312 1042 2 6355944412 00000
190312 1044 2 4435111614 00164
190312 1046 4 5714746026 00201
190312 1048 2 4286217980 00905
190312 1049 1 2393511778 00205
190312 1050 2 2393511778 00205
190312 1052 2 3690229446 00183
190312 1052 2 2742353514 00192
190312 1053 4 0024646619 00169
190312 1053 1 4286217980 00905
190312 1054 2 4286217980 00905
190312 1057 1 3214017429 00180
190312 1057 2 3214017429 00180
190312 1101 2 4286217980 00905
190312 1101 2 3214223381 00188
190312 1104 4 3214223381 00188
190312 1106 1 3214223381 00188
190312 1107 1 0674051067 00004
190312 1108 2 0674051067 00004
190312 1108 1 3408463525 00184
190312 1108 2 3408463525 00184
190312 1109 2 3214223381 00188
190312 1110 4 3214505957 00202
190312 1113 2 4286217980 00905
190312 1114 1 3466658213 00186
190312 1114 2 3466658213 00186
190312 1116 1 3465808053 00177
190312 1116 2 3465808053 00177
190312 1117 1 3145526534 00199
190312 1117 2 3145526534 00199
190312 1118 1 6237865324 00032
190312 1119 2 6237865324 00032
190312 1123 2 3180611065 00152
190312 1124 2 3214223381 00188
190312 1124 1 3466748197 00150
190312 1124 2 3466748197 00150
190312 1129 2 3214223381 00188
190312 1130 4 2742354762 00047
190312 1131 1 3595839158 00194
190312 1131 2 3595839158 00194
190312 1132 1 3213553141 00195
190312 1132 2 3213553141 00195
190312 1138 4 0674051067 00004
190312 1142 1 3214017429 00180
190312 1142 2 3214017429 00180
190312 1143 1 2742353514 00192
190312 1143 2 2742353514 00192
190312 1147 2 2742353514 00192
190312 1148 1 2393511778 00205
190312 1148 2 2393511778 00205
190312 1149 4 0024646619 00169
190312 1151 2 2742353514 00192
190312 1152 1 3391149413 00181
190312 1156 4 5714746026 00201
190312 1203 2 3213553141 00195
190312 1203 4 3214505957 00202
190312 1208 4 3214223381 00188
190312 1210 2 3214223381 00188
190312 1212 2 3145526534 00199
190312 1214 2 2393511778 00205
190312 1216 2 2393511778 00205
190312 1217 2 3214223381 00188
190312 1218 2 3180300217 00153
190312 1231 4 5713740026 00175
190312 1232 2 6237865324 00032
190312 1233 4 2742354762 00047
190312 1234 2 3214223381 00188
190312 1239 2 6237865324 00032
190312 1243 4 0024646619 00169
190312 1245 2 3690229446 00183
190312 1245 2 2393511778 00205
190312 1246 2 3465808053 00177
190312 1301 2 3466748197 00150
190312 1303 2 3466748197 00150
190312 1304 2 2742353498 00146
190312 1306 2 3180611065 00152
190312 1306 2 5713740026 00175
190312 1307 2 3213553141 00195
190312 1307 2 3145526534 00199
190312 1308 2 3466733797 00190
190312 1309 4 0024646619 00169
190312 1310 4 5713740026 00175
190312 1311 2 3180300217 00153
190312 1312 2 2744845370 00079
190312 1315 4 5714746026 00201
190312 1317 1 3214017429 00180
190312 1317 2 3214017429 00180
190312 1318 1 2393511778 00205
190312 1319 2 2393511778 00205
190312 1322 1 3180300217 00153
190312 1322 2 3180300217 00153
190312 1322 4 0674051067 00004
190312 1326 4 3214505957 00202
190312 1326 4 5714746026 00201
190312 1332 2 6238034684 00171
190312 1332 1 4286217980 00905
190312 1333 2 4286217980 00905
190312 1334 2 3214223381 00188
190312 1338 1 3690229446 00183
190312 1338 4 3595204294 00193
190312 1338 2 3690229446 00183
190312 1338 2 3466658213 00186
190312 1339 1 3408463525 00184
190312 1340 2 3408463525 00184
190312 1340 1 3145526534 00199
190312 1341 2 3145526534 00199
190312 1344 1 3595839158 00194
190312 1344 2 3595839158 00194
190312 1345 1 6355944412 00000
190312 1345 2 6355944412 00000
190312 1349 1 6237865324 00032
190312 1349 2 6237865324 00032
190312 1354 4 3214505957 00202
190312 1355 1 2744845370 00079
190312 1355 2 2744845370 00079
190312 1356 2 3214223381 00188
190312 1358 1 3180611065 00152
190312 1359 2 3180611065 00152
190312 1404 1 3466658213 00186
190312 1404 2 3466658213 00186
190312 1405 1 4435111614 00164
190312 1405 2 3214223381 00188
190312 1406 1 0025842283 00158
190312 1406 2 0025842283 00158
190312 1412 2 3214223381 00188
190312 1412 1 3690229446 00183
190312 1412 2 3465808053 00177
190312 1417 1 6237865324 00032
190312 1417 2 6237865324 00032
190312 1419 1 3466748197 00150
190312 1421 1 3213553141 00195
190312 1421 2 3213553141 00195
190312 1421 4 5713740026 00175
190312 1422 3 4286217980 00905
190312 1422 4 4286217980 00905
190312 1423 2 3466748197 00150
190312 1423 3 4435111614 00164
190312 1424 4 4435111614 00164
190312 1425 2 3214223381 00188
190312 1426 1 3145526534 00199
190312 1426 2 3145526534 00199
190312 1430 3 3595839158 00194
190312 1430 4 3595839158 00194
190312 1432 2 3214223381 00188
190312 1436 4 3214505957 00202
190312 1436 1 2744845370 00079
190312 1437 2 2744845370 00079
190312 1437 1 3466733797 00190
190312 1437 2 3466733797 00190
190312 1439 4 3595204294 00193
190312 1439 2 4435111614 00164
190312 1447 2 3180300217 00153
190312 1448 2 0025842283 00158
190312 1448 4 0674051067 00004
190312 1449 4 2742354762 00047
190312 1451 1 3466658213 00186
190312 1451 2 3466658213 00186
190312 1452 1 6237865324 00032
190312 1452 2 6237865324 00032
190312 1456 4 0024646619 00169
190312 1457 1 3595839158 00194
190312 1457 2 3595839158 00194
190312 1501 1 4286217980 00905
190312 1501 2 4286217980 00905
190312 1509 1 2393511778 00205
190312 1509 2 2393511778 00205
190312 1512 1 3214505957 00202
190312 1512 2 3214505957 00202
190312 1514 4 0674051067 00004
190312 1517 1 3214017429 00180
190312 1518 2 3214017429 00180
190312 1519 4 0674051067 00004
190312 1519 2 0025842283 00158
190312 1520 2 3214223381 00188
190312 1522 4 3214505957 00202
190312 1524 1 3595839158 00194
190312 1524 4 0674051067 00004
190312 1524 2 3595839158 00194
190312 1525 2 3214223381 00188
190312 1527 2 4435111614 00164
190312 1533 1 3408463525 00184
190312 1533 2 3408463525 00184
190312 1533 1 4435111614 00164
190312 1535 4 0024646619 00169
190312 1536 4 0024646619 00169
190312 1536 1 3466733797 00190
190312 1536 2 4435111614 00164
190312 1537 2 3466733797 00190
190312 1538 1 3595204294 00193
190312 1538 2 3595204294 00193
190312 1539 1 2393511778 00205
190312 1539 2 2393511778 00205
190312 1541 4 3595204294 00193
190312 1543 1 3214223381 00188
190312 1545 1 3466658213 00186
190312 1545 2 3466658213 00186
190312 1549 1 2744845370 00079
190312 1549 2 2744845370 00079
190312 1558 2 6237865324 00032
190312 1602 4 3595204294 00193
190312 1613 3 4285846892 00200
190312 1613 4 4285846892 00200
190312 1614 1 3214017429 00180
190312 1615 2 3214017429 00180
190312 1616 1 3213553141 00195
190312 1616 2 3213553141 00195
190312 1618 2 3213553141 00195
190312 1620 2 3180611065 00152
190312 1623 1 3145526534 00199
190312 1624 2 3145526534 00199
190312 1626 1 2742353498 00146
190312 1626 2 2742353498 00146
190312 1627 4 2742354762 00047
190312 1628 4 3214223381 00188
190312 1628 4 4285846892 00200
190312 1630 1 3214223381 00188
190312 1632 1 2744845370 00079
190312 1632 4 0024646619 00169
190312 1632 2 2744845370 00079
190312 1634 4 4285846892 00200
190312 1635 1 2393511778 00205
190312 1635 2 2393511778 00205
190312 1636 2 2744845370 00079
190312 1639 4 3214505957 00202
190312 1641 1 3408463525 00184
190312 1641 2 3408463525 00184
190312 1641 1 3214223381 00188
190312 1645 3 2744845370 00079
190312 1646 4 2744845370 00079
190312 1648 2 2744845370 00079
190312 1651 3 3595839158 00194
190312 1651 4 3595839158 00194
190312 1654 2 3465808053 00177
190312 1658 1 3466658213 00186
190312 1658 2 3466658213 00186
190312 1658 1 3408463525 00184
190312 1659 2 3408463525 00184
190312 1701 1 3595839158 00194
190312 1701 2 3595839158 00194
190312 1707 2 3180300217 00153
190312 1709 1 3214017429 00180
190312 1709 2 3214017429 00180
190312 1729 1 2742353498 00146
190312 1729 2 3690229446 00183
190312 1730 4 3595204294 00193
190312 1730 1 3180611065 00152
190312 1730 2 3180611065 00152
190312 1731 1 3213553141 00195
190312 1733 1 3180611065 00152
190312 1734 2 3466658213 00186
190312 1737 2 3690229446 00183
190312 1737 1 3466658213 00186
190312 1738 2 3466658213 00186
190312 1738 1 3408463525 00184
190312 1738 2 3408463525 00184
190312 1741 4 3214505957 00202
190312 1742 1 2742353514 00192
190312 1743 2 2742353514 00192
190312 1746 1 6237865324 00032
190312 1749 2 2742353514 00192
190312 1749 4 0024646619 00169
190312 1750 2 3214223381 00188
190312 1754 4 5713740026 00175
190312 1755 4 5713740026 00175
190312 1755 1 3214223381 00188
190312 1800 4 5714746026 00201
190312 1800 3 0024646619 00169
190312 1802 2 4286217980 00905
190312 1802 2 3180611065 00152
190312 1804 1 5714746026 00201
190312 1805 2 3180611065 00152
190312 1805 1 5714746026 00201
190312 1805 2 3145526534 00199
190312 1805 2 3465808053 00177
190312 1806 2 0025842283 00158
190312 1807 1 3214223381 00188
190312 1808 2 3180611065 00152
190312 1808 1 3466748197 00150
190312 1808 2 3180611065 00152
190312 1808 2 3466748197 00150
190312 1808 1 3465808053 00177
190312 1810 2 3180611065 00152
190312 1811 1 5714746026 00201
190312 1811 1 3145526534 00199
190312 1812 2 3145526534 00199
190312 1812 2 3180611065 00152
190312 1813 1 2742353514 00192
190312 1813 2 3180300217 00153
190312 1815 1 3180300217 00153
190312 1815 1 3145526534 00199
190312 1819 2 2744845370 00079
190312 1820 2 3214017429 00180
190312 1822 1 3213553141 00195
190312 1827 2 2393511778 00205
190312 1827 2 3465808053 00177
190312 1829 1 3466733797 00190
190312 1831 4 3595204294 00193
190312 1832 2 2742353498 00146
190312 1833 3 3595204294 00193
190312 1835 2 2744845370 00079
190312 1836 2 3466658213 00186
190312 1836 1 3595839158 00194
190312 1836 2 3595839158 00194
190312 1838 1 3408463525 00184
190312 1842 2 2393511778 00205
190312 1846 4 3214505957 00202
190312 1847 1 2393511778 00205
190312 1851 1 2744845370 00079
190312 1851 1 3466658213 00186
190312 1856 1 3595839158 00194
190312 1859 2 2742353498 00146
190312 1903 2 3214017429 00180
190312 1904 1 3690229446 00183
190312 1904 1 2742353498 00146
190312 1904 1 3214017429 00180
190312 1905 2 3214017429 00180
190312 1905 1 3214017429 00180
190312 1913 4 3214505957 00202
190312 1944 1 3180611065 00152
190312 1944 2 3180611065 00152
190312 1945 1 4285846892 00200
190312 1946 1 2742353514 00192
190312 2009 2 3180611065 00152
190312 2012 1 3180611065 00152
190312 2013 2 3180611065 00152
190312 2046 2 3465808053 00177
190312 2046 2 2742353514 00192
190312 2046 2 6238034684 00171
190312 2048 2 0025842283 00158
190312 2048 1 5714746026 00201
190312 2049 3 4285846892 00200
190312 2049 4 4285846892 00200
190312 2049 1 6238034684 00171
190312 2049 2 2742353514 00192
190312 2051 1 3180611065 00152
190312 2051 4 5714746026 00201
190312 2054 4 5714746026 00201
190312 2054 3 4285846892 00200
190312 2054 3 5714746026 00201
190312 2054 1 3466748197 00150
190312 2119 1 0025842283 00158
