190321 0817 1 6237865324 00032
190321 0817 2 6237865324 00032
190321 0822 1 6237865324 00032
190321 0823 2 6237865324 00032
190321 0829 3 0024646619 00169
190321 0829 3 0024646619 00169
190321 0831 4 0024646619 00169
190321 0838 3 5714746026 00201
190321 0839 4 5714746026 00201
190321 0839 1 3465808053 00177
190321 0840 2 3465808053 00177
190321 0842 4 0024646619 00169
190321 0843 1 6355944412 00000
190321 0844 2 6355944412 00000
190321 0845 4 0024646619 00169
190321 0847 1 2744845370 00079
190321 0847 2 2744845370 00079
190321 0851 4 5714746026 00201
190321 0855 1 2744845370 00079
190321 0855 2 2744845370 00079
190321 0856 1 3145526534 00199
190321 0856 2 3145526534 00199
190321 0901 1 3213553141 00195
190321 0901 2 3213553141 00195
190321 0904 1 3213553141 00195
190321 0905 2 3213553141 00195
190321 0906 1 3214223381 00188
190321 0907 1 2732830658 00207
190321 0907 2 2732830658 00207
190321 0909 1 4435111614 00164
190321 0910 2 4435111614 00164
190321 0912 2 3214223381 00188
190321 0914 3 3595204294 00193
190321 0915 4 3595204294 00193
190321 0916 1 2393511778 00205
190321 0917 2 2393511778 00205
190321 0918 1 0025842283 00158
190321 0919 2 0025842283 00158
190321 0922 1 3690229446 00183
190321 0922 2 3690229446 00183
190321 0923 1 1166545250 00208
190321 0923 2 1166545250 00208
190321 0924 1 3180611065 00152
190321 0924 2 3180611065 00152
190321 0925 1 3466748197 00150
190321 0925 2 3466748197 00150
190321 0925 1 3465808053 00177
190321 0925 1 2742353514 00192
190321 0925 2 3465808053 00177
190321 0927 1 4286217980 00905
190321 0927 2 4286217980 00905
190321 0931 2 3214223381 00188
190321 0931 3 3214505957 00202
190321 0931 4 3214505957 00202
190321 0931 2 3690229446 00183
190321 0932 1 6238034684 00171
190321 0932 2 6238034684 00171
190321 0933 1 3214017429 00180
190321 0933 2 3214017429 00180
190321 0933 1 3145645846 00198
190321 0933 2 3145645846 00198
190321 0934 4 3595204294 00193
190321 0935 2 2742353514 00192
190321 0936 2 3180611065 00152
190321 0938 4 3214505957 00202
190321 0938 1 2393511778 00205
190321 0938 2 2393511778 00205
190321 0940 4 3214505957 00202
190321 0943 4 0674051067 00004
190321 0943 1 3595839158 00905
190321 0943 2 3595839158 00905
190321 0948 2 3214223381 00188
190321 0951 1 3595839158 00905
190321 0951 2 3595839158 00905
190321 0954 1 6237865324 00032
190321 0954 2 6237865324 00032
190321 0955 4 5713740026 00175
190321 0956 1 3466733797 00190
190321 0956 2 3466733797 00190
190321 0956 1 4435111614 00164
190321 0956 4 5713740026 00175
190321 0956 2 4435111614 00164
190321 0957 1 3466658213 00186
190321 0958 2 3466658213 00186
190321 0958 1 3408463525 00184
190321 0958 2 3408463525 00184
190321 0959 1 3214017429 00180
190321 0959 2 3214017429 00180
190321 1002 1 3214223381 00188
190321 1002 2 3214223381 00188
190321 1003 1 1484663634 00166
190321 1003 2 1484663634 00166
190321 1005 1 3180300217 00153
190321 1006 2 3180300217 00153
190321 1007 2 3214223381 00188
190321 1010 1 5713740026 00175
190321 1010 2 5713740026 00175
190321 1011 1 3180300217 00153
190321 1012 2 3180300217 00153
190321 1013 1 3690229446 00183
190321 1013 2 3690229446 00183
190321 1016 2 3214223381 00188
190321 1017 4 3214505957 00202
190321 1018 4 0024646619 00169
190321 1018 1 3391149413 00181
190321 1019 2 3391149413 00181
190321 1021 1 2744845370 00079
190321 1021 2 2744845370 00079
190321 1027 1 1484663634 00166
190321 1027 2 1484663634 00166
190321 1029 1 1484663634 00166
190321 1029 2 1484663634 00166
190321 1030 2 1484663634 00166
190321 1030 1 6237865324 00032
190321 1030 2 6237865324 00032
190321 1031 1 3466748197 00150
190321 1031 2 3466748197 00150
190321 1034 4 5713740026 00175
190321 1036 1 3214017429 00180
190321 1036 2 3214017429 00180
190321 1039 2 1484663634 00166
190321 1045 1 3213553141 00195
190321 1046 2 3213553141 00195
190321 1046 4 3595204294 00193
190321 1049 2 3180300217 00153
190321 1051 1 3145526534 00199
190321 1052 2 3145526534 00199
190321 1103 1 3214223381 00188
190321 1104 2 3214223381 00188
190321 1107 1 3214223381 00188
190321 1111 1 3145645846 00198
190321 1111 2 3145645846 00198
190321 1112 4 5714746026 00201
190321 1112 4 3595204294 00193
190321 1113 1 3214223381 00188
190321 1118 4 5714746026 00201
190321 1121 4 5713740026 00175
190321 1121 3 4285846892 00200
190321 1121 4 4285846892 00200
190321 1122 3 4285846892 00200
190321 1122 4 4285846892 00200
190321 1123 1 3466658213 00186
190321 1123 2 3466658213 00186
190321 1123 4 3214505957 00202
190321 1125 1 2742353514 00192
190321 1125 2 2742353514 00192
190321 1125 4 3214505957 00202
190321 1126 1 3408463525 00184
190321 1126 2 3408463525 00184
190321 1126 1 3595839158 00905
190321 1127 2 3595839158 00905
190321 1130 4 5714746026 00201
190321 1132 1 3214146485 00179
190321 1132 2 3214146485 00179
190321 1133 4 0024646619 00169
190321 1133 2 3466748197 00150
190321 1140 2 4286217980 00905
190321 1141 2 4435111614 00164
190321 1144 2 2393511778 00205
190321 1145 2 3214223381 00188
190321 1146 2 4435111614 00164
190321 1147 2 3214223381 00188
190321 1147 2 3466748197 00150
190321 1149 1 0674051067 00004
190321 1149 2 3214223381 00188
190321 1150 1 2744845370 00079
190321 1150 2 2744845370 00079
190321 1151 2 3213553141 00195
190321 1151 2 3214223381 00188
190321 1152 2 3391149413 00181
190321 1152 1 3145645846 00198
190321 1152 2 3145645846 00198
190321 1154 2 3690229446 00183
190321 1156 1 4435111614 00164
190321 1156 2 4435111614 00164
190321 1159 1 3690229446 00183
190321 1200 2 3690229446 00183
190321 1200 2 1484663634 00166
190321 1201 2 2744845370 00079
190321 1201 2 3213553141 00195
190321 1207 4 0674051067 00004
190321 1207 2 3690229446 00183
190321 1207 2 3214223381 00188
190321 1208 2 3180611065 00152
190321 1209 2 3690229446 00183
190321 1209 2 3690229446 00183
190321 1218 2 2393511778 00205
190321 1218 1 1166545250 00208
190321 1219 2 1166545250 00208
190321 1219 2 3180300217 00153
190321 1220 2 4286217980 00905
190321 1222 2 0674051067 00004
190321 1224 4 0674051067 00004
190321 1226 1 4435111614 00164
190321 1226 1 0674051067 00004
190321 1227 2 0674051067 00004
190321 1228 1 0025842283 00158
190321 1228 2 0025842283 00158
190321 1233 4 0674051067 00004
190321 1235 1 3465808053 00177
190321 1235 2 3465808053 00177
190321 1236 2 2732830658 00207
190321 1236 2 3690229446 00183
190321 1237 2 1166545250 00208
190321 1237 1 6237865324 00032
190321 1237 2 6237865324 00032
190321 1238 1 2393511778 00205
190321 1238 2 2393511778 00205
190321 1241 2 2742353514 00192
190321 1242 2 3466748197 00150
190321 1242 2 3180611065 00152
190321 1242 2 3466733797 00190
190321 1243 2 6237865324 00032
190321 1244 2 0025842283 00158
190321 1246 4 0674051067 00004
190321 1252 3 4285846892 00200
190321 1252 4 4285846892 00200
190321 1256 2 3145645846 00198
190321 1258 2 0025842283 00158
190321 1258 4 5714746026 00201
190321 1300 2 2742353514 00192
190321 1301 2 4435111614 00164
190321 1302 4 0024646619 00169
190321 1303 4 3214505957 00202
190321 1304 2 2742353514 00192
190321 1304 2 3145645846 00198
190321 1307 4 3214505957 00202
190321 1308 2 3214017429 00180
190321 1313 4 5714746026 00201
190321 1313 2 2732830658 00207
190321 1314 2 4286217980 00905
190321 1315 2 3180300217 00153
190321 1318 1 3465808053 00177
190321 1318 2 3465808053 00177
190321 1324 1 3214223381 00188
190321 1330 1 3408463525 00184
190321 1331 1 3465808053 00177
190321 1331 2 3465808053 00177
190321 1331 1 0025842283 00158
190321 1332 2 0025842283 00158
190321 1332 1 2393511778 00205
190321 1332 2 6238034684 00171
190321 1333 2 2744845370 00079
190321 1334 2 3214223381 00188
190321 1334 2 3180611065 00152
190321 1335 2 3180300217 00153
190321 1335 2 3145526534 00199
190321 1339 4 3595204294 00193
190321 1340 2 3690229446 00183
190321 1341 2 3214017429 00180
190321 1343 1 3213553141 00195
190321 1343 2 3213553141 00195
190321 1344 1 3214223381 00188
190321 1344 2 3466748197 00150
190321 1345 2 3214223381 00188
190321 1345 1 6237865324 00032
190321 1345 2 6237865324 00032
190321 1345 4 3214505957 00202
190321 1347 2 4286217980 00905
190321 1348 1 3466658213 00186
190321 1348 2 3213553141 00195
190321 1348 2 3466658213 00186
190321 1348 2 3214223381 00188
190321 1348 4 3214505957 00202
190321 1351 2 4286217980 00905
190321 1352 2 3214223381 00188
190321 1353 2 4286217980 00905
190321 1354 2 6355944412 00000
190321 1354 2 3214223381 00188
190321 1358 2 4286217980 00905
190321 1359 2 3180300217 00153
190321 1401 4 5713740026 00175
190321 1401 2 3214223381 00188
190321 1401 1 0025842283 00158
190321 1410 1 3145526534 00199
190321 1410 2 3145526534 00199
190321 1411 4 6237865324 00032
190321 1414 1 4286217980 00905
190321 1414 1 2742353514 00192
190321 1415 2 2742353514 00192
190321 1416 1 6237865324 00032
190321 1416 2 6237865324 00032
190321 1417 2 0025842283 00158
190321 1424 2 3145645846 00198
190321 1425 1 3214017429 00180
190321 1426 2 3214017429 00180
190321 1430 1 5713740026 00175
190321 1430 2 5713740026 00175
190321 1434 2 0025842283 00158
190321 1443 4 0024646619 00169
190321 1445 4 3214505957 00202
190321 1448 4 4285846892 00200
190321 1448 4 5713740026 00175
190321 1451 1 3466658213 00186
190321 1451 2 3466658213 00186
190321 1452 4 6237865324 00032
190321 1458 1 3690229446 00183
190321 1459 2 3690229446 00183
190321 1500 4 5714746026 00201
190321 1501 1 1484663634 00166
190321 1502 2 1484663634 00166
190321 1502 1 5714746026 00201
190321 1502 2 5714746026 00201
190321 1503 2 2732830658 00207
190321 1509 1 3595839158 00905
190321 1509 2 3595839158 00905
190321 1513 1 3145526534 00199
190321 1514 1 3145526534 00199
190321 1514 2 3145526534 00199
190321 1516 3 4285846892 00200
190321 1518 3 4285846892 00200
190321 1518 2 4435111614 00164
190321 1520 2 0025842283 00158
190321 1520 2 4286217980 00905
190321 1521 2 3180611065 00152
190321 1521 1 1166545250 00208
190321 1521 2 1166545250 00208
190321 1523 2 3214223381 00188
190321 1525 1 3214017429 00180
190321 1525 2 3214017429 00180
190321 1525 1 4435111614 00164
190321 1526 2 4435111614 00164
190321 1529 1 3214223381 00188
190321 1530 2 3214223381 00188
190321 1531 1 6237865324 00032
190321 1531 2 6237865324 00032
190321 1534 1 3408463525 00184
190321 1534 2 3408463525 00184
190321 1535 1 3690229446 00183
190321 1535 2 3690229446 00183
190321 1544 1 0025842283 00158
190321 1544 2 0025842283 00158
190321 1544 1 3213553141 00195
190321 1545 2 3213553141 00195
190321 1545 1 3145645846 00198
190321 1545 2 3145645846 00198
190321 1546 1 4286217980 00905
190321 1547 2 4286217980 00905
190321 1547 2 3180611065 00152
190321 1549 1 5714746026 00201
190321 1550 2 5714746026 00201
190321 1551 1 2742353514 00192
190321 1551 2 2742353514 00192
190321 1552 1 3145645846 00198
190321 1553 2 3145645846 00198
190321 1553 1 2393511778 00205
190321 1554 2 2393511778 00205
190321 1556 2 3180300217 00153
190321 1559 1 6355944412 00000
190321 1600 2 3214223381 00188
190321 1601 2 3180611065 00152
190321 1603 1 3214223381 00188
190321 1603 2 3214223381 00188
190321 1607 2 3214223381 00188
190321 1611 3 3391149413 00181
190321 1612 2 2744845370 00079
190321 1612 2 3180611065 00152
190321 1613 2 6237865324 00032
190321 1632 1 3213553141 00195
190321 1632 2 3213553141 00195
190321 1638 1 2732830658 00207
190321 1638 2 2732830658 00207
190321 1640 1 6355944412 00000
190321 1641 2 6355944412 00000
190321 1645 1 2742353514 00192
190321 1646 2 2742353514 00192
190321 1650 1 3214223381 00188
190321 1659 2 3214223381 00188
190321 1659 1 3408463525 00184
190321 1659 2 3408463525 00184
190321 1703 2 3214223381 00188
190321 1705 2 3214223381 00188
190321 1708 1 3466733797 00190
190321 1709 2 3466733797 00190
190321 1709 1 3595839158 00905
190321 1709 2 3595839158 00905
190321 1715 1 1484663634 00166
190321 1715 2 1484663634 00166
190321 1720 1 2742353514 00192
190321 1720 2 2742353514 00192
190321 1727 1 3214223381 00188
190321 1730 1 3408463525 00184
190321 1731 2 3214017429 00180
190321 1732 2 3408463525 00184
190321 1732 1 6355944412 00000
190321 1733 2 6355944412 00000
190321 1734 2 0025842283 00158
190321 1735 2 3214223381 00188
190321 1735 1 3466658213 00186
190321 1736 2 3466658213 00186
190321 1738 3 3180300217 00153
190321 1741 2 0025842283 00158
190321 1741 1 6237865324 00032
190321 1741 2 6237865324 00032
190321 1745 1 0025842283 00158
190321 1745 2 0025842283 00158
190321 1749 1 3595839158 00905
190321 1749 2 3595839158 00905
190321 1749 1 3690229446 00183
190321 1749 2 3690229446 00183
190321 1750 1 3391149413 00181
190321 1751 2 3180300217 00153
190321 1751 2 3145645846 00198
190321 1751 1 2742353514 00192
190321 1751 2 2742353514 00192
190321 1753 2 3213553141 00195
190321 1753 1 2393511778 00205
190321 1754 2 2393511778 00205
190321 1756 1 6238034684 00171
190321 1756 2 6238034684 00171
190321 1758 2 3145526534 00199
190321 1759 1 3466748197 00150
190321 1800 2 3466748197 00150
190321 1800 3 0024646619 00169
190321 1802 1 2744845370 00079
190321 1802 2 2744845370 00079
190321 1804 1 3180611065 00152
190321 1804 2 3180611065 00152
190321 1804 1 3214223381 00188
190321 1805 4 3595839158 00905
190321 1809 1 4286217980 00905
190321 1809 2 4286217980 00905
190321 1809 1 3465808053 00177
190321 1810 2 3595839158 00905
190321 1812 1 3214505957 00202
190321 1812 2 3214505957 00202
190321 1813 4 0674051067 00004
190321 1815 4 3214505957 00202
190321 1815 4 3595204294 00193
190321 1816 1 3391149413 00181
190321 1816 1 1484663634 00166
190321 1817 2 1484663634 00166
190321 1817 1 2744845370 00079
190321 1818 1 2732830658 00207
190321 1819 2 2732830658 00207
190321 1819 3 3595204294 00193
190321 1820 1 4286217980 00905
190321 1823 1 1166545250 00208
190321 1823 2 1166545250 00208
190321 1827 1 3145645846 00198
190321 1828 2 3145645846 00198
190321 1828 1 3408463525 00184
190321 1828 2 3408463525 00184
190321 1829 1 3595839158 00905
190321 1829 2 3595839158 00905
190321 1831 1 4435111614 00164
190321 1832 2 4435111614 00164
190321 1832 1 3466658213 00186
190321 1832 2 3466658213 00186
190321 1834 1 3213553141 00195
190321 1834 1 3408463525 00184
190321 1834 1 3465808053 00177
190321 1835 1 6237865324 00032
190321 1835 2 6237865324 00032
190321 1836 2 1166545250 00208
190321 1836 1 1166545250 00208
190321 1836 1 3595839158 00905
190321 1844 2 2732830658 00207
190321 1844 1 4435111614 00164
190321 1844 1 3214017429 00180
190321 1844 2 3214017429 00180
190321 1846 1 3466733797 00190
190321 1846 2 3466733797 00190
190321 1849 1 3145526534 00199
190321 1849 2 3145526534 00199
190321 1850 1 3180611065 00152
190321 1850 2 3180611065 00152
190321 1852 1 3180611065 00152
190321 1853 4 3214505957 00202
190321 1858 3 3214505957 00202
190321 1900 1 3214017429 00180
190321 1900 1 3466658213 00186
190321 1900 1 3690229446 00183
190321 1901 2 3214017429 00180
190321 1901 1 3145526534 00199
190321 1901 2 3145526534 00199
190321 1903 2 2732830658 00207
190321 1906 1 2393511778 00205
190321 1906 1 3145645846 00198
190321 1912 1 1484663634 00166
190321 1912 2 1484663634 00166
190321 1921 2 3145526534 00199
190321 1922 4 5713740026 00175
190321 1924 1 6237865324 00032
190321 1924 2 6237865324 00032
190321 1924 1 3180300217 00153
190321 1924 2 3180300217 00153
190321 1927 1 3180300217 00153
190321 1927 2 3180300217 00153
190321 1927 2 5713740026 00175
190321 1931 1 6237865324 00032
190321 1931 2 3214017429 00180
190321 1933 1 3214017429 00180
190321 1934 2 3214017429 00180
190321 1936 1 3145526534 00199
190321 1936 2 3145526534 00199
190321 1937 1 2732830658 00207
190321 1937 1 3214017429 00180
190321 1937 1 3145526534 00199
190321 1947 1 6238034684 00171
190321 1947 1 3466748197 00150
190321 2000 4 5714746026 00201
190321 2049 3 5714746026 00201
190321 2049 3 5714746026 00201
