190416 0813 1 6237865324 00032
190416 0814 2 6237865324 00032
190416 0819 1 6237865324 00032
190416 0819 2 6237865324 00032
190416 0823 3 0024646619 00169
190416 0823 3 0024646619 00169
190416 0824 4 0024646619 00169
190416 0842 4 0024646619 00169
190416 0844 1 2394843026 00210
190416 0844 2 2394843026 00210
190416 0844 3 5714746026 00201
190416 0844 4 5714746026 00201
190416 0847 2 2394843026 00210
190416 0858 4 0024646619 00169
190416 0900 1 3213553141 00195
190416 0900 2 3213553141 00195
190416 0901 1 2732830658 00207
190416 0901 2 2732830658 00207
190416 0903 2 3213553141 00195
190416 0903 1 2742353498 00146
190416 0903 1 3465808053 00177
190416 0903 2 3465808053 00177
190416 0906 1 2744845370 00079
190416 0906 2 2744845370 00079
190416 0907 1 2744845370 00079
190416 0908 2 2744845370 00079
190416 0908 1 2394843026 00210
190416 0908 2 2394843026 00210
190416 0910 1 2742353498 00146
190416 0910 2 2742353498 00146
190416 0910 1 3465808053 00177
190416 0910 2 3465808053 00177
190416 0912 1 3214223381 00188
190416 0914 1 2393511778 00205
190416 0915 2 2393511778 00205
190416 0917 1 3690229446 00183
190416 0918 2 3690229446 00183
190416 0920 1 3214223381 00188
190416 0922 1 2744845370 00079
190416 0922 2 2744845370 00079
190416 0923 1 1166545250 00208
190416 0923 2 1166545250 00208
190416 0924 1 3466748197 00150
190416 0926 1 2732830658 00207
190416 0927 2 2732830658 00207
190416 0927 1 1166545250 00208
190416 0927 2 1166545250 00208
190416 0928 3 3214505957 00202
190416 0928 4 3214505957 00202
190416 0929 2 3690229446 00183
190416 0931 1 3180611065 00152
190416 0931 2 3180611065 00152
190416 0932 1 3145645846 00198
190416 0932 2 3145645846 00198
190416 0932 4 2742354762 00047
190416 0932 1 2394843026 00210
190416 0932 2 2394843026 00210
190416 0932 4 3214505957 00202
190416 0933 3 3595204294 00193
190416 0933 4 3595204294 00193
190416 0935 4 2742354762 00047
190416 0936 4 3214505957 00202
190416 0938 1 3180611065 00152
190416 0938 2 3180611065 00152
190416 0938 1 2742353498 00146
190416 0938 2 2742353498 00146
190416 0939 4 3214505957 00202
190416 0939 1 3214017429 00180
190416 0940 2 3214017429 00180
190416 0940 1 3145645846 00198
190416 0940 2 3145645846 00198
190416 0944 2 0353805386 00904
190416 0944 1 6238034684 00171
190416 0944 2 6238034684 00171
190416 0945 4 3595204294 00193
190416 0948 2 3214017429 00180
190416 0949 1 3391149413 00181
190416 0950 2 3391149413 00181
190416 0957 1 3690229446 00183
190416 0957 2 3690229446 00183
190416 1005 1 3180300217 00153
190416 1005 2 3180300217 00153
190416 1009 1 3466658213 00186
190416 1010 2 3466658213 00186
190416 1023 1 6237865324 00032
190416 1025 1 2744845370 00079
190416 1023 2 6237865324 00032
190416 1025 2 2744845370 00079
190416 1026 4 0024646619 00169
190416 1030 4 2393511778 00205
190416 1032 2 2393511778 00205
190416 1033 2 2732830658 00207
190416 1033 4 5714746026 00201
190416 1034 1 2732830658 00207
190416 1034 2 2394843026 00210
190416 1036 1 2742353498 00146
190416 1036 2 2742353498 00146
190416 1041 1 3466658213 00186
190416 1041 2 3466658213 00186
190416 1045 1 3145645846 00198
190416 1045 2 3145645846 00198
190416 1048 1 1484663634 00166
190416 1049 2 1484663634 00166
190416 1049 1 3180300217 00153
190416 1049 2 3180300217 00153
190416 1055 4 2742354762 00047
190416 1104 1 3465808053 00177
190416 1104 2 3465808053 00177
190416 1113 1 1166545250 00208
190416 1113 2 1166545250 00208
190416 1119 4 3214505957 00202
190416 1120 1 2732830658 00207
190416 1120 2 2732830658 00207
190416 1121 2 3466658213 00186
190416 1122 2 3214017429 00180
190416 1122 1 2732830658 00207
190416 1122 2 2732830658 00207
190416 1122 1 3690229446 00183
190416 1124 2 3690229446 00183
190416 1127 1 3145645846 00198
190416 1127 2 3145645846 00198
190416 1134 1 2393511778 00205
190416 1134 2 2393511778 00205
190416 1134 1 2394843026 00210
190416 1134 2 2744845370 00079
190416 1141 1 6237865324 00032
190416 1141 2 6237865324 00032
190416 1143 4 0024646619 00169
190416 1150 1 2744845370 00079
190416 1150 2 2744845370 00079
190416 1152 2 6237865324 00032
190416 1155 4 0024646619 00169
190416 1156 4 3214505957 00202
190416 1201 2 3145645846 00198
190416 1203 2 3180300217 00153
190416 1207 2 3465808053 00177
190416 1207 2 3213553141 00195
190416 1213 2 3690229446 00183
190416 1217 2 2393511778 00205
190416 1218 2 3145645846 00198
190416 1219 2 2742353498 00146
190416 1220 2 2732830658 00207
190416 1221 2 2393511778 00205
190416 1225 2 0353805386 00904
190416 1225 2 6237865324 00032
190416 1226 4 0024646619 00169
190416 1227 4 2742354762 00047
190416 1230 2 3465808053 00177
190416 1232 2 6237865324 00032
190416 1234 2 3180611065 00152
190416 1239 2 2394843026 00210
190416 1242 2 2732830658 00207
190416 1250 2 2393511778 00205
190416 1250 2 3690229446 00183
190416 1251 4 5714746026 00201
190416 1251 2 3145645846 00198
190416 1251 2 2744845370 00079
190416 1254 3 1166545250 00208
190416 1254 4 1166545250 00208
190416 1255 2 3213553141 00195
190416 1255 4 0024646619 00169
190416 1256 3 5714746026 00201
190416 1256 4 5714746026 00201
190416 1257 2 2742353498 00146
190416 1257 4 3595204294 00193
190416 1258 3 1166545250 00208
190416 1259 4 1166545250 00208
190416 1259 2 3145645846 00198
190416 1259 2 3180611065 00152
190416 1300 4 3595204294 00193
190416 1301 2 3690229446 00183
190416 1305 4 0024646619 00169
190416 1305 2 2742353498 00146
190416 1313 2 3465808053 00177
190416 1319 2 3465808053 00177
190416 1320 1 3690229446 00183
190416 1321 2 3214017429 00180
190416 1327 2 3466658213 00186
190416 1328 4 3214505957 00202
190416 1330 2 3214223381 00188
190416 1331 2 3214017429 00180
190416 1332 2 3180611065 00152
190416 1333 2 1166545250 00208
190416 1334 2 2732830658 00207
190416 1335 2 3466658213 00186
190416 1337 2 3466748197 00150
190416 1337 2 3180300217 00153
190416 1338 2 3145645846 00198
190416 1339 2 3391149413 00181
190416 1341 4 0024646619 00169
190416 1346 1 3690229446 00183
190416 1346 2 2732830658 00207
190416 1347 1 3180300217 00153
190416 1347 2 3180300217 00153
190416 1348 1 1484663634 00166
190416 1348 2 1484663634 00166
190416 1349 2 3145645846 00198
190416 1349 1 3466748197 00150
190416 1350 2 3466748197 00150
190416 1351 1 6237865324 00032
190416 1351 2 6237865324 00032
190416 1354 1 2394843026 00210
190416 1354 2 2394843026 00210
190416 1402 1 3214223381 00188
190416 1419 1 3213553141 00195
190416 1419 2 3213553141 00195
190416 1423 4 2742354762 00047
190416 1424 1 3466658213 00186
190416 1424 2 3466658213 00186
190416 1426 4 3214505957 00202
190416 1430 2 3466748197 00150
190416 1435 2 1166545250 00208
190416 1439 2 3690229446 00183
190416 1441 2 3214223381 00188
190416 1443 1 3214223381 00188
190416 1444 1 2394843026 00210
190416 1444 2 2394843026 00210
190416 1445 1 1484663634 00166
190416 1445 4 5714746026 00201
190416 1445 2 1484663634 00166
190416 1447 1 1484663634 00166
190416 1447 2 1484663634 00166
190416 1458 4 0024646619 00169
190416 1501 4 3595204294 00193
190416 1503 1 2732830658 00207
190416 1503 2 2732830658 00207
190416 1506 1 3466658213 00186
190416 1506 2 3466658213 00186
190416 1507 4 3595204294 00193
190416 1509 4 3214505957 00202
190416 1512 1 3214017429 00180
190416 1512 2 3214017429 00180
190416 1513 4 3595204294 00193
190416 1513 1 2393511778 00205
190416 1513 2 2393511778 00205
190416 1516 1 6237865324 00032
190416 1516 2 6237865324 00032
190416 1519 1 3145645846 00198
190416 1519 2 3145645846 00198
190416 1522 4 3595204294 00193
190416 1527 1 3214223381 00188
190416 1538 1 3690229446 00183
190416 1538 1 3690229446 00183
190416 1541 2 3690229446 00183
190416 1546 1 3213553141 00195
190416 1546 2 3213553141 00195
190416 1549 4 2742354762 00047
190416 1549 4 3595204294 00193
190416 1553 4 3214505957 00202
190416 1553 4 3595204294 00193
190416 1555 4 3214505957 00202
190416 1602 1 2744845370 00079
190416 1602 2 2744845370 00079
190416 1604 1 2394843026 00210
190416 1608 1 2393511778 00205
190416 1608 2 2393511778 00205
190416 1613 1 3391149413 00181
190416 1613 4 0024646619 00169
190416 1614 2 3391149413 00181
190416 1614 4 3214505957 00202
190416 1616 3 1166545250 00208
190416 1617 4 1166545250 00208
190416 1618 1 3466748197 00150
190416 1619 2 3466748197 00150
190416 1620 1 1166545250 00208
190416 1620 2 1166545250 00208
190416 1629 1 6237865324 00032
190416 1629 2 6237865324 00032
190416 1631 1 3690229446 00183
190416 1631 2 3690229446 00183
190416 1634 1 1484663634 00166
190416 1634 2 1484663634 00166
190416 1636 1 3180300217 00153
190416 1636 2 3180300217 00153
190416 1640 1 2742353514 00192
190416 1640 2 2742353514 00192
190416 1644 1 3180611065 00152
190416 1644 2 3180611065 00152
190416 1645 1 2742353514 00192
190416 1645 2 2742353514 00192
190416 1651 1 3214017429 00180
190416 1651 2 3214017429 00180
190416 1654 1 3465808053 00177
190416 1654 2 3465808053 00177
190416 1658 1 2394843026 00210
190416 1658 2 2394843026 00210
190416 1658 1 3145645846 00198
190416 1659 2 3145645846 00198
190416 1700 1 2732830658 00207
190416 1700 2 2732830658 00207
190416 1705 1 3690229446 00183
190416 1705 2 2732830658 00207
190416 1708 4 3214505957 00202
190416 1713 4 3214505957 00202
190416 1714 1 0353805386 00904
190416 1714 2 0353805386 00904
190416 1716 1 2744845370 00079
190416 1716 2 2744845370 00079
190416 1716 1 2393511778 00205
190416 1716 2 2393511778 00205
190416 1729 4 0024646619 00169
190416 1733 1 1484663634 00166
190416 1734 2 1484663634 00166
190416 1740 1 2742353498 00146
190416 1740 2 2742353498 00146
190416 1744 1 2394843026 00210
190416 1745 2 2394843026 00210
190416 1745 1 6237865324 00032
190416 1750 3 5714746026 00201
190416 1750 4 5714746026 00201
190416 1752 1 3466658213 00186
190416 1752 2 3466658213 00186
190416 1756 1 2742353514 00192
190416 1756 2 2742353514 00192
190416 1756 4 5714746026 00201
190416 1758 4 0024646619 00169
190416 1758 3 5714746026 00201
190416 1759 1 1166545250 00208
190416 1759 2 1166545250 00208
190416 1801 3 0024646619 00169
190416 1805 1 3214223381 00188
190416 1809 1 2742353514 00192
190416 1809 2 2742353514 00192
190416 1813 1 2393511778 00205
190416 1814 2 2393511778 00205
190416 1815 1 3213553141 00195
190416 1816 2 3213553141 00195
190416 1822 1 3690229446 00183
190416 1822 2 3690229446 00183
190416 1825 4 3595204294 00193
190416 1827 1 0353805386 00904
190416 1827 2 0353805386 00904
190416 1830 1 1484663634 00166
190416 1830 2 1484663634 00166
190416 1832 1 3466658213 00186
190416 1832 2 3466658213 00186
190416 1833 1 3213553141 00195
190416 1833 1 2394843026 00210
190416 1837 1 2744845370 00079
190416 1838 1 2744845370 00079
190416 1839 1 3465808053 00177
190416 1839 1 2742353514 00192
190416 1841 2 1166545250 00208
190416 1841 1 1166545250 00208
190416 1843 1 3180300217 00153
190416 1843 2 3180300217 00153
190416 1846 1 3180611065 00152
190416 1847 2 3180611065 00152
190416 1848 1 3180611065 00152
190416 1852 2 3690229446 00183
190416 1852 2 1484663634 00166
190416 1857 1 3690229446 00183
190416 1901 1 2732830658 00207
190416 1901 2 2732830658 00207
190416 1901 1 2393511778 00205
190416 1902 2 2393511778 00205
190416 1904 2 3466748197 00150
190416 1905 1 2732830658 00207
190416 1905 1 2393511778 00205
190416 1906 2 3145645846 00198
190416 1907 4 3595204294 00193
190416 1908 2 3391149413 00181
190416 1909 1 3145645846 00198
190416 1909 3 3595204294 00193
190416 1910 1 1484663634 00166
190416 1910 1 6238034684 00171
190416 1913 4 3214505957 00202
190416 1913 2 3466658213 00186
190416 1914 2 3214017429 00180
190416 1915 1 3466658213 00186
190416 1919 1 3214017429 00180
190416 1920 4 3214505957 00202
190416 1925 3 3214505957 00202
190416 1930 1 3391149413 00181
190416 1930 1 3466748197 00150
190416 1930 1 2742353498 00146
