190510 0813 1 6237865324 00032
190510 0813 2 6237865324 00032
190510 0819 1 6237865324 00032
190510 0819 2 6237865324 00032
190510 0823 3 0024646619 00169
190510 0823 3 0024646619 00169
190510 0829 3 5714746026 00201
190510 0829 4 5714746026 00201
190510 0831 1 3214223381 00188
190510 0835 3 0024646619 00169
190510 0836 4 0024646619 00169
190510 0837 1 3214223381 00188
190510 0841 1 3214223381 00188
190510 0843 2 3214223381 00188
190510 0844 1 3465808053 00177
190510 0845 1 2742353514 00192
190510 0845 2 2742353514 00192
190510 0850 2 3214223381 00188
190510 0850 2 3465808053 00177
190510 0850 3 5714746026 00201
190510 0851 4 5714746026 00201
190510 0851 1 2744845370 00079
190510 0852 2 2744845370 00079
190510 0853 1 2742353498 00146
190510 0854 2 2742353498 00146
190510 0854 2 2394843026 00210
190510 0855 4 0024646619 00169
190510 0856 2 2744845370 00079
190510 0857 4 5714746026 00201
190510 0857 2 2742353498 00146
190510 0859 4 5714746026 00201
190510 0859 2 3214223381 00188
190510 0901 1 2732830658 00207
190510 0901 2 2732830658 00207
190510 0901 4 5714746026 00201
190510 0902 1 3213553141 00195
190510 0902 2 3213553141 00195
190510 0904 2 2742353514 00192
190510 0909 2 2732830658 00207
190510 0913 3 4285846892 00200
190510 0913 4 4285846892 00200
190510 0913 1 3690229446 00183
190510 0913 2 3213553141 00195
190510 0913 1 2393511778 00205
190510 0914 2 3690229446 00183
190510 0916 1 1166545250 00208
190510 0916 2 1166545250 00208
190510 0918 3 4285846892 00200
190510 0918 4 4285846892 00200
190510 0919 3 3214505957 00202
190510 0920 2 1166545250 00208
190510 0920 4 3214505957 00202
190510 0922 3 3214505957 00202
190510 0922 4 3214505957 00202
190510 0922 2 3690229446 00183
190510 0928 2 2742353498 00146
190510 0930 1 3466748197 00150
190510 0930 2 3466748197 00150
190510 0930 2 3690229446 00183
190510 0933 1 3214017429 00180
190510 0933 1 3145645846 00198
190510 0933 2 3145645846 00198
190510 0936 1 3391149413 00181
190510 0936 2 3391149413 00181
190510 0939 3 0674051067 00004
190510 0939 4 0674051067 00004
190510 0940 2 2732830658 00207
190510 0940 1 6238034684 00171
190510 0940 2 6238034684 00171
190510 0943 2 3214017429 00180
190510 0945 1 3466658213 00186
190510 0945 2 3466658213 00186
190510 0951 3 2742354762 00047
190510 0951 4 2742354762 00047
190510 0954 3 2742354762 00047
190510 0954 4 2742354762 00047
190510 0958 2 6237865324 00032
190510 0958 2 2393511778 00205
190510 0959 3 4285846892 00200
190510 0959 4 4285846892 00200
190510 1000 4 4285846892 00200
190510 1002 1 1484663634 00166
190510 1002 2 1484663634 00166
190510 1002 1 3214223381 00188
190510 1003 3 0674051067 00004
190510 1004 4 0674051067 00004
190510 1004 1 3180300217 00153
190510 1004 2 3180300217 00153
190510 1006 1 0674051067 00004
190510 1006 2 0674051067 00004
190510 1007 1 3180300217 00153
190510 1007 2 3180300217 00153
190510 1008 1 6237842876 00149
190510 1009 2 6237842876 00149
190510 1011 1 1484663634 00166
190510 1011 2 1484663634 00166
190510 1011 3 0674051067 00004
190510 1012 4 0674051067 00004
190510 1012 1 2742353514 00192
190510 1012 2 3214223381 00188
190510 1012 1 6237842876 00149
190510 1013 2 6237842876 00149
190510 1014 1 3466748197 00150
190510 1015 2 3466748197 00150
190510 1015 1 6237842876 00149
190510 1015 2 6237842876 00149
190510 1017 1 6237865324 00032
190510 1017 2 6237865324 00032
190510 1023 2 3466658213 00186
190510 1023 2 2732830658 00207
190510 1025 2 3214223381 00188
190510 1031 2 3690229446 00183
190510 1031 2 6237865324 00032
190510 1039 3 0024646619 00169
190510 1039 4 0024646619 00169
190510 1042 2 2744845370 00079
190510 1045 2 3213553141 00195
190510 1048 2 2742353498 00146
190510 1054 2 2742353514 00192
190510 1100 3 5714746026 00201
190510 1100 4 5714746026 00201
190510 1106 3 3214505957 00202
190510 1106 4 3214505957 00202
190510 1106 2 2394843026 00210
190510 1107 2 3465808053 00177
190510 1110 3 0025842283 00158
190510 1111 3 6237842876 00149
190510 1111 2 6237865324 00032
190510 1111 4 2742354762 00047
190510 1112 2 3466658213 00186
190510 1118 2 3214017429 00180
190510 1118 2 2393511778 00205
190510 1119 4 6237842876 00149
190510 1119 2 2742353514 00192
190510 1120 2 0674051067 00004
190510 1126 2 1166545250 00208
190510 1127 1 3145645846 00198
190510 1128 3 0674051067 00004
190510 1128 2 3145645846 00198
190510 1140 4 0024646619 00169
190510 1141 4 3214505957 00202
190510 1141 4 0674051067 00004
190510 1142 1 6237842876 00149
190510 1142 2 0025842283 00158
190510 1143 4 0024646619 00169
190510 1144 1 6237842876 00149
190510 1144 2 6237842876 00149
190510 1148 1 0025842283 00158
190510 1148 2 0025842283 00158
190510 1149 1 3180300217 00153
190510 1149 2 3180300217 00153
190510 1150 3 4285846892 00200
190510 1150 4 4285846892 00200
190510 1151 2 3690229446 00183
190510 1151 2 2732830658 00207
190510 1152 2 6237865324 00032
190510 1153 3 0024646619 00169
190510 1153 4 0024646619 00169
190510 1154 2 3213553141 00195
190510 1156 2 4285846892 00200
190510 1156 3 5714746026 00201
190510 1156 4 5714746026 00201
190510 1202 2 2744845370 00079
190510 1204 2 6237842876 00149
190510 1206 2 3690229446 00183
190510 1209 1 2394843026 00210
190510 1209 2 2394843026 00210
190510 1210 1 3465808053 00177
190510 1217 1 3466748197 00150
190510 1218 2 3180300217 00153
190510 1224 2 3180300217 00153
190510 1225 3 4285846892 00200
190510 1226 4 4285846892 00200
190510 1232 3 0674051067 00004
190510 1232 4 0674051067 00004
190510 1232 1 0025842283 00158
190510 1233 2 0025842283 00158
190510 1235 1 0674051067 00004
190510 1235 2 0674051067 00004
190510 1236 1 6237865324 00032
190510 1236 3 1166545250 00208
190510 1236 4 1166545250 00208
190510 1236 2 6237865324 00032
190510 1237 3 2742354762 00047
190510 1237 4 2742354762 00047
190510 1241 1 6237865324 00032
190510 1241 2 6237865324 00032
190510 1254 1 3213553141 00195
190510 1254 2 3213553141 00195
190510 1258 1 3180300217 00153
190510 1258 2 3180300217 00153
190510 1259 3 0674051067 00004
190510 1259 4 0674051067 00004
190510 1300 1 3213553141 00195
190510 1300 2 3213553141 00195
190510 1301 1 0025842283 00158
190510 1301 2 0025842283 00158
190510 1312 1 3180300217 00153
190510 1312 2 3180300217 00153
190510 1317 2 2394843026 00210
190510 1317 2 3391149413 00181
190510 1317 2 6237842876 00149
190510 1322 3 5714746026 00201
190510 1322 4 5714746026 00201
190510 1325 1 3391149413 00181
190510 1325 2 2394843026 00210
190510 1325 1 2744845370 00079
190510 1325 2 2744845370 00079
190510 1328 1 2742353514 00192
190510 1328 3 4285846892 00200
190510 1328 2 2742353514 00192
190510 1328 4 4285846892 00200
190510 1329 2 3465808053 00177
190510 1330 2 3214223381 00188
190510 1330 1 1166545250 00208
190510 1330 3 0024646619 00169
190510 1331 4 0024646619 00169
190510 1331 4 0024646619 00169
190510 1331 1 3465808053 00177
190510 1332 2 3465808053 00177
190510 1332 1 3690229446 00183
190510 1332 2 3466658213 00186
190510 1332 4 4285846892 00200
190510 1333 2 6238034684 00171
190510 1334 3 3214505957 00202
190510 1334 4 3214505957 00202
190510 1334 1 2393511778 00205
190510 1334 2 2393511778 00205
190510 1336 2 2732830658 00207
190510 1336 2 3690229446 00183
190510 1338 2 3466748197 00150
190510 1338 2 6355944412 00000
190510 1338 2 2742353498 00146
190510 1339 4 3391149413 00181
190510 1339 2 2742353514 00192
190510 1341 2 3214223381 00188
190510 1341 4 2742354762 00047
190510 1342 3 2394843026 00210
190510 1342 4 2394843026 00210
190510 1343 2 3145645846 00198
190510 1343 3 3391149413 00181
190510 1343 4 3391149413 00181
190510 1344 2 3214017429 00180
190510 1345 2 2742353514 00192
190510 1346 3 6237842876 00149
190510 1346 4 6237842876 00149
190510 1348 2 3213553141 00195
190510 1349 3 6355944412 00000
190510 1349 4 6355944412 00000
190510 1352 3 0024646619 00169
190510 1352 2 3466733797 00190
190510 1352 4 0024646619 00169
190510 1354 3 3213553141 00195
190510 1354 4 3213553141 00195
190510 1354 2 2742353514 00192
190510 1355 2 1484663634 00166
190510 1356 2 1484663634 00166
190510 1356 2 1484663634 00166
190510 1356 3 3466748197 00150
190510 1357 4 3466748197 00150
190510 1357 2 6237865324 00032
190510 1358 2 6237865324 00032
190510 1358 2 2742353514 00192
190510 1358 3 3466658213 00186
190510 1358 4 3690229446 00183
190510 1359 4 2732830658 00207
190510 1400 4 2742353514 00192
190510 1402 1 1166545250 00208
190510 1402 2 1166545250 00208
190510 1409 4 0024646619 00169
190510 1413 3 3214505957 00202
190510 1413 4 3214505957 00202
190510 1420 1 6355944412 00000
190510 1420 2 6355944412 00000
190510 1423 3 3214017429 00180
190510 1423 4 3214017429 00180
190510 1446 3 3214505957 00202
190510 1446 4 3214505957 00202
190510 1452 3 3466658213 00186
190510 1452 4 3466658213 00186
190510 1456 3 2742354762 00047
190510 1456 4 2742354762 00047
190510 1503 3 3213553141 00195
190510 1504 4 3213553141 00195
190510 1505 2 3214223381 00188
190510 1519 1 2742353514 00192
190510 1519 2 2742353514 00192
190510 1519 2 2394843026 00210
190510 1520 2 3690229446 00183
190510 1520 2 3214223381 00188
190510 1520 2 3466658213 00186
190510 1522 1 6237865324 00032
190510 1523 2 6237865324 00032
190510 1523 1 2394843026 00210
190510 1524 2 6237842876 00149
190510 1524 1 2393511778 00205
190510 1524 4 0024646619 00169
190510 1525 2 2394843026 00210
190510 1525 2 6237842876 00149
190510 1525 4 2742354762 00047
190510 1526 2 6237842876 00149
190510 1526 2 2393511778 00205
190510 1526 2 3214223381 00188
190510 1527 2 3465808053 00177
190510 1529 2 3214017429 00180
190510 1529 4 3214223381 00188
190510 1530 2 6237842876 00149
190510 1530 2 3690229446 00183
190510 1531 4 0674051067 00004
190510 1532 2 2742353514 00192
190510 1534 2 0025842283 00158
190510 1537 4 6237842876 00149
190510 1538 2 3145645846 00198
190510 1539 2 1484663634 00166
190510 1539 2 6237842876 00149
190510 1541 2 2744845370 00079
190510 1543 4 6237842876 00149
190510 1545 1 3391149413 00181
190510 1545 2 3391149413 00181
190510 1546 1 6237842876 00149
190510 1547 2 6237842876 00149
190510 1552 1 1484663634 00166
190510 1552 2 1484663634 00166
190510 1556 1 2394843026 00210
190510 1557 2 2394843026 00210
190510 1604 2 3145645846 00198
190510 1610 1 2742353514 00192
190510 1610 4 4285846892 00200
190510 1610 2 2742353514 00192
190510 1611 4 4285846892 00200
190510 1616 1 3466748197 00150
190510 1616 2 3466748197 00150
190510 1618 1 2742353514 00192
190510 1619 2 2742353514 00192
190510 1622 2 1166545250 00208
190510 1623 2 2742353514 00192
190510 1634 2 2742353498 00146
190510 1636 4 3214505957 00202
190510 1636 2 2744845370 00079
190510 1637 1 6237865324 00032
190510 1638 2 6237865324 00032
190510 1642 1 3213553141 00195
190510 1642 2 3213553141 00195
190510 1643 1 2744845370 00079
190510 1643 2 2744845370 00079
190510 1645 3 3214505957 00202
190510 1645 4 3214505957 00202
190510 1648 2 3466658213 00186
190510 1653 1 2394843026 00210
190510 1654 2 2394843026 00210
190510 1654 1 3214223381 00188
190510 1655 3 0674051067 00004
190510 1655 2 2393511778 00205
190510 1655 4 0674051067 00004
190510 1656 1 3145645846 00198
190510 1656 2 3145645846 00198
190510 1659 1 0025842283 00158
190510 1659 2 0025842283 00158
190510 1701 1 3214223381 00188
190510 1701 2 3214223381 00188
190510 1701 1 2393511778 00205
190510 1702 2 2393511778 00205
190510 1702 2 2742353498 00146
190510 1702 2 3214223381 00188
190510 1705 2 3214017429 00180
190510 1705 2 3214223381 00188
190510 1709 3 0025842283 00158
190510 1709 4 0025842283 00158
190510 1710 2 3214223381 00188
190510 1711 1 0025842283 00158
190510 1711 2 0025842283 00158
190510 1712 2 0025842283 00158
190510 1713 1 3690229446 00183
190510 1713 2 3690229446 00183
190510 1714 1 2742353514 00192
190510 1715 2 2742353514 00192
190510 1716 2 3214223381 00188
190510 1718 2 3391149413 00181
190510 1722 3 5714746026 00201
190510 1722 4 5714746026 00201
190510 1724 3 5714746026 00201
190510 1725 4 5714746026 00201
190510 1728 3 5714746026 00201
190510 1728 4 5714746026 00201
190510 1731 3 0024646619 00169
190510 1731 4 0024646619 00169
190510 1732 1 2394843026 00210
190510 1732 2 2394843026 00210
190510 1733 3 5714746026 00201
190510 1737 1 2742353514 00192
190510 1737 2 2742353514 00192
190510 1745 1 2393511778 00205
190510 1745 2 2393511778 00205
190510 1748 3 4285846892 00200
190510 1748 4 4285846892 00200
190510 1750 1 6237865324 00032
190510 1750 2 6237865324 00032
190510 1754 1 3214017429 00180
190510 1754 2 3214017429 00180
190510 1754 3 3214505957 00202
190510 1755 4 3214505957 00202
190510 1756 1 3466733797 00190
190510 1757 2 3466733797 00190
190510 1800 1 3145645846 00198
190510 1800 2 3145645846 00198
190510 1802 1 3214223381 00188
190510 1805 1 3214223381 00188
190510 1815 3 0024646619 00169
190510 1815 4 4285846892 00200
190510 1818 2 1484663634 00166
190510 1821 1 2394843026 00210
190510 1821 2 2394843026 00210
190510 1823 1 3466748197 00150
190510 1823 2 2742353514 00192
190510 1826 1 3213553141 00195
190510 1826 2 3213553141 00195
190510 1827 1 2742353514 00192
190510 1832 1 3213553141 00195
190510 1833 1 3214017429 00180
190510 1833 2 3214017429 00180
190510 1836 3 3214505957 00202
190510 1836 4 3214505957 00202
190510 1839 1 3466733797 00190
190510 1839 2 3466733797 00190
190510 1849 4 3214505957 00202
190510 1849 1 2394843026 00210
190510 1849 3 3214505957 00202
190510 1849 2 2394843026 00210
190510 1849 1 3465808053 00177
190510 1850 1 6237865324 00032
190510 1850 2 6237865324 00032
190510 1851 2 2744845370 00079
190510 1853 1 2394843026 00210
190510 1854 2 6237865324 00032
190510 1855 4 4285846892 00200
190510 1856 1 1166545250 00208
190510 1857 1 2732830658 00207
190510 1858 2 2732830658 00207
190510 1858 3 4285846892 00200
190510 1858 3 4285846892 00200
190510 1859 1 1484663634 00166
190510 1900 1 3466733797 00190
190510 1901 2 3466733797 00190
190510 1901 1 3466748197 00150
190510 1901 2 3466748197 00150
190510 1909 2 2393511778 00205
190510 1911 2 3391149413 00181
190510 1914 1 3690229446 00183
190510 1918 2 2742353498 00146
190510 1920 2 3466748197 00150
190510 1922 2 2732830658 00207
190510 1923 2 2744845370 00079
190510 1923 2 0025842283 00158
190510 1923 2 3214017429 00180
190510 1924 1 2393511778 00205
190510 1924 1 3145645846 00198
190510 1924 1 2732830658 00207
190510 1924 1 3466658213 00186
190510 1924 1 2742353498 00146
190510 1924 1 3214017429 00180
190510 1943 1 2744845370 00079
190510 1954 1 6238034684 00171
190510 1954 1 3391149413 00181
190510 2008 1 0025842283 00158
190510 2008 2 0025842283 00158
190510 2013 1 6237865324 00032
