190509 0755 1 6237865324 00032
190509 0756 2 6237865324 00032
190509 0758 1 6237865324 00032
190509 0759 2 6237865324 00032
190509 0814 2 6237865324 00032
190509 0828 1 3214223381 00188
190509 0835 1 3214223381 00188
190509 0835 1 2742353514 00192
190509 0835 2 2742353514 00192
190509 0838 1 2742353514 00192
190509 0838 2 2742353514 00192
190509 0839 1 2394843026 00210
190509 0839 2 2394843026 00210
190509 0842 2 3214223381 00188
190509 0842 1 2394843026 00210
190509 0843 2 2394843026 00210
190509 0845 3 5714746026 00201
190509 0845 3 5714746026 00201
190509 0846 1 2742353498 00146
190509 0847 2 2742353498 00146
190509 0849 2 3214223381 00188
190509 0849 1 2394843026 00210
190509 0849 2 2394843026 00210
190509 0857 1 3213553141 00195
190509 0857 2 3213553141 00195
190509 0900 1 3213553141 00195
190509 0900 2 3213553141 00195
190509 0902 1 3465808053 00177
190509 0902 2 3465808053 00177
190509 0903 2 2394843026 00210
190509 0904 1 2744845370 00079
190509 0904 2 2744845370 00079
190509 0907 3 5714746026 00201
190509 0907 4 5714746026 00201
190509 0908 1 6237865324 00032
190509 0908 2 6237865324 00032
190509 0908 1 3465808053 00177
190509 0908 2 3465808053 00177
190509 0910 1 2732830658 00207
190509 0910 1 2393511778 00205
190509 0910 2 2732830658 00207
190509 0911 3 3595204294 00193
190509 0912 1 2744845370 00079
190509 0912 2 2744845370 00079
190509 0916 1 2732830658 00207
190509 0916 2 2732830658 00207
190509 0919 1 2742353498 00146
190509 0919 2 2742353498 00146
190509 0923 1 3690229446 00183
190509 0923 1 3690229446 00183
190509 0923 2 3690229446 00183
190509 0925 1 3214017429 00180
190509 0926 2 3214017429 00180
190509 0926 1 0025842283 00158
190509 0926 2 0025842283 00158
190509 0927 1 3180611065 00152
190509 0928 2 3180611065 00152
190509 0928 3 3214505957 00202
190509 0931 3 0674051067 00004
190509 0931 1 3391149413 00181
190509 0931 2 3391149413 00181
190509 0932 1 3180611065 00152
190509 0932 1 1166545250 00208
190509 0932 2 3180611065 00152
190509 0932 2 1166545250 00208
190509 0933 3 2742354762 00047
190509 0935 1 6238034684 00171
190509 0935 2 6238034684 00171
190509 0935 2 0025842283 00158
190509 0936 3 2742354762 00047
190509 0937 2 1166545250 00208
190509 0944 2 3214017429 00180
190509 0945 3 4285846892 00200
190509 0947 1 3466658213 00186
190509 0947 3 4285846892 00200
190509 0947 2 3466658213 00186
190509 0950 2 3466658213 00186
190509 0952 1 3466733797 00190
190509 0952 2 3466733797 00190
190509 0953 1 1166545250 00208
190509 0954 2 1166545250 00208
190509 0955 1 4285846892 00200
190509 0955 2 4285846892 00200
190509 0956 1 3466748197 00150
190509 0956 2 3466748197 00150
190509 1001 1 3180300217 00153
190509 1002 2 3180300217 00153
190509 1003 1 2393511778 00205
190509 1004 2 2393511778 00205
190509 1005 2 4285846892 00200
190509 1007 1 6237842876 00149
190509 1007 2 6237842876 00149
190509 1008 2 3214223381 00188
190509 1011 1 1484663634 00166
190509 1011 2 1484663634 00166
190509 1012 3 3214505957 00202
190509 1012 2 6237865324 00032
190509 1013 2 6237842876 00149
190509 1014 2 6237842876 00149
190509 1015 2 3214223381 00188
190509 1016 2 6355944412 00000
190509 1018 2 0025842283 00158
190509 1019 3 4285846892 00200
190509 1021 2 3214223381 00188
190509 1025 2 2394843026 00210
190509 1025 2 3180300217 00153
190509 1026 2 3214223381 00188
190509 1027 1 2732830658 00207
190509 1039 1 2744845370 00079
190509 1039 2 2744845370 00079
190509 1040 1 3214017429 00180
190509 1040 2 3214017429 00180
190509 1047 2 6237842876 00149
190509 1052 1 3466658213 00186
190509 1053 2 3466658213 00186
190509 1053 1 2742353514 00192
190509 1053 2 2742353514 00192
190509 1054 3 0674051067 00004
190509 1054 1 2742353514 00192
190509 1054 2 2742353514 00192
190509 1057 3 4285846892 00200
190509 1058 1 2394843026 00210
190509 1059 2 2394843026 00210
190509 1102 1 0674051067 00004
190509 1102 2 0674051067 00004
190509 1103 1 1484663634 00166
190509 1106 2 2732830658 00207
190509 1107 2 0674051067 00004
190509 1108 1 3690229446 00183
190509 1109 2 3690229446 00183
190509 1109 1 6237842876 00149
190509 1109 2 6237842876 00149
190509 1110 1 3213553141 00195
190509 1110 3 3595204294 00193
190509 1110 2 3213553141 00195
190509 1116 2 1166545250 00208
190509 1117 1 2742353498 00146
190509 1118 2 2742353498 00146
190509 1121 1 2742353514 00192
190509 1121 2 2742353514 00192
190509 1123 3 0674051067 00004
190509 1126 1 2393511778 00205
190509 1126 2 2393511778 00205
190509 1129 1 2742353514 00192
190509 1129 2 2742353514 00192
190509 1130 3 5714746026 00201
190509 1131 2 2742353514 00192
190509 1132 2 6237865324 00032
190509 1141 1 2394843026 00210
190509 1141 2 2394843026 00210
190509 1142 3 2742354762 00047
190509 1153 1 0674051067 00004
190509 1153 2 0674051067 00004
190509 1156 2 3214223381 00188
190509 1157 2 0025842283 00158
190509 1157 2 3180300217 00153
190509 1158 2 0025842283 00158
190509 1159 3 3595204294 00193
190509 1200 1 3180611065 00152
190509 1200 2 3180611065 00152
190509 1201 2 2393511778 00205
190509 1201 1 2732830658 00207
190509 1201 2 2732830658 00207
190509 1203 1 3213553141 00195
190509 1203 2 3213553141 00195
190509 1204 3 3214505957 00202
190509 1205 1 0674051067 00004
190509 1205 2 0674051067 00004
190509 1206 1 3180300217 00153
190509 1206 2 3180300217 00153
190509 1209 1 3391149413 00181
190509 1210 2 3391149413 00181
190509 1213 2 3690229446 00183
190509 1213 1 3465808053 00177
190509 1214 2 3465808053 00177
190509 1215 1 3180300217 00153
190509 1215 2 3180300217 00153
190509 1218 1 3391149413 00181
190509 1218 2 2732830658 00207
190509 1221 1 2394843026 00210
190509 1225 1 3466748197 00150
190509 1225 2 0025842283 00158
190509 1227 1 3465808053 00177
190509 1227 2 3465808053 00177
190509 1228 1 3466733797 00190
190509 1232 1 6237865324 00032
190509 1232 2 6237865324 00032
190509 1232 3 2742354762 00047
190509 1236 1 0025842283 00158
190509 1236 2 0025842283 00158
190509 1237 1 6237865324 00032
190509 1237 2 6237865324 00032
190509 1239 1 6237865324 00032
190509 1239 2 6237865324 00032
190509 1239 1 3145645846 00198
190509 1239 3 1166545250 00208
190509 1240 2 3690229446 00183
190509 1242 1 2732830658 00207
190509 1242 2 2732830658 00207
190509 1243 3 0674051067 00004
190509 1243 1 3180611065 00152
190509 1243 2 3180611065 00152
190509 1244 1 3690229446 00183
190509 1245 1 3214017429 00180
190509 1247 1 2744845370 00079
190509 1247 2 2744845370 00079
190509 1247 1 2393511778 00205
190509 1247 2 2393511778 00205
190509 1247 2 2394843026 00210
190509 1248 3 5714746026 00201
190509 1251 1 2394843026 00210
190509 1252 2 2394843026 00210
190509 1254 2 3690229446 00183
190509 1255 2 3145645846 00198
190509 1259 1 3466748197 00150
190509 1259 2 3466748197 00150
190509 1300 3 3595204294 00193
190509 1302 2 2394843026 00210
190509 1302 2 3690229446 00183
190509 1302 1 3145645846 00198
190509 1303 2 3145645846 00198
190509 1303 2 3214017429 00180
190509 1303 2 3466748197 00150
190509 1305 2 6237842876 00149
190509 1305 2 3180300217 00153
190509 1309 1 3213553141 00195
190509 1309 2 3213553141 00195
190509 1312 1 6355944412 00000
190509 1312 2 6355944412 00000
190509 1314 1 3391149413 00181
190509 1314 2 3391149413 00181
190509 1317 3 0024646619 00169
190509 1321 1 3466658213 00186
190509 1321 2 3466658213 00186
190509 1322 1 3465808053 00177
190509 1323 2 3465808053 00177
190509 1326 3 0024646619 00169
190509 1329 2 2744845370 00079
190509 1330 2 1166545250 00208
190509 1330 2 3466658213 00186
190509 1332 2 2742353514 00192
190509 1333 2 3466748197 00150
190509 1333 2 3466658213 00186
190509 1333 1 3690229446 00183
190509 1334 3 3214505957 00202
190509 1334 2 3690229446 00183
190509 1334 2 6238034684 00171
190509 1335 2 3180300217 00153
190509 1338 2 0674051067 00004
190509 1339 2 6237842876 00149
190509 1340 2 3214017429 00180
190509 1345 1 3214223381 00188
190509 1346 1 6237842876 00149
190509 1346 2 6237842876 00149
190509 1348 1 2742353514 00192
190509 1348 2 2742353514 00192
190509 1348 1 3214223381 00188
190509 1404 1 0674051067 00004
190509 1404 2 0674051067 00004
190509 1405 1 6237865324 00032
190509 1405 2 6237865324 00032
190509 1406 1 1484663634 00166
190509 1406 2 1484663634 00166
190509 1409 3 0025842283 00158
190509 1411 2 2742353514 00192
190509 1412 3 0674051067 00004
190509 1412 3 0025842283 00158
190509 1418 3 3214505957 00202
190509 1419 1 0674051067 00004
190509 1419 2 0674051067 00004
190509 1424 3 0674051067 00004
190509 1434 3 2742354762 00047
190509 1436 1 3213553141 00195
190509 1436 2 3213553141 00195
190509 1441 1 3466658213 00186
190509 1441 2 3466658213 00186
190509 1443 1 0025842283 00158
190509 1443 2 0025842283 00158
190509 1445 2 2742353498 00146
190509 1445 1 3690229446 00183
190509 1446 2 3690229446 00183
190509 1447 3 6237842876 00149
190509 1447 3 5714746026 00201
190509 1449 1 3145645846 00198
190509 1449 2 3145645846 00198
190509 1451 2 0025842283 00158
190509 1452 1 6355944412 00000
190509 1453 2 6355944412 00000
190509 1455 1 0674051067 00004
190509 1455 2 0674051067 00004
190509 1456 1 2742353514 00192
190509 1457 2 2742353514 00192
190509 1457 3 0674051067 00004
190509 1457 1 2742353514 00192
190509 1458 2 2742353514 00192
190509 1458 1 2394843026 00210
190509 1458 2 2394843026 00210
190509 1500 3 0024646619 00169
190509 1506 2 3466658213 00186
190509 1506 1 6237842876 00149
190509 1507 2 6237842876 00149
190509 1513 1 1166545250 00208
190509 1514 2 1166545250 00208
190509 1517 1 3465808053 00177
190509 1517 2 3465808053 00177
190509 1517 1 2744845370 00079
190509 1517 2 2744845370 00079
190509 1519 1 2393511778 00205
190509 1520 2 2393511778 00205
190509 1520 1 2742353514 00192
190509 1520 2 2742353514 00192
190509 1521 3 3595204294 00193
190509 1524 3 6237842876 00149
190509 1524 2 2742353498 00146
190509 1531 1 3180611065 00152
190509 1531 2 3180611065 00152
190509 1532 1 6237842876 00149
190509 1532 2 6237842876 00149
190509 1532 3 3214505957 00202
190509 1543 3 0024646619 00169
190509 1545 1 2742353498 00146
190509 1545 2 3690229446 00183
190509 1550 1 2732830658 00207
190509 1550 2 2732830658 00207
190509 1554 1 2742353514 00192
190509 1554 2 2742353514 00192
190509 1557 1 2394843026 00210
190509 1557 2 2394843026 00210
190509 1602 2 3465808053 00177
190509 1608 3 2742354762 00047
190509 1612 2 2742353514 00192
190509 1613 2 3214223381 00188
190509 1615 2 3214223381 00188
190509 1617 2 1484663634 00166
190509 1617 3 6237842876 00149
190509 1619 2 6237842876 00149
190509 1619 3 0674051067 00004
190509 1620 2 3214017429 00180
190509 1630 1 3214017429 00180
190509 1630 2 3214017429 00180
190509 1631 2 2744845370 00079
190509 1633 3 3214505957 00202
190509 1645 2 3145645846 00198
190509 1655 2 3391149413 00181
190509 1657 1 2394843026 00210
190509 1701 1 6237865324 00032
190509 1701 2 6237865324 00032
190509 1701 2 2742353514 00192
190509 1705 1 3213553141 00195
190509 1710 1 3690229446 00183
190509 1710 2 3690229446 00183
190509 1712 1 1166545250 00208
190509 1712 2 1166545250 00208
190509 1714 1 0025842283 00158
190509 1714 2 0025842283 00158
190509 1726 1 2732830658 00207
190509 1727 1 3466748197 00150
190509 1730 1 6237842876 00149
190509 1730 2 6237842876 00149
190509 1731 1 6238034684 00171
190509 1732 2 6238034684 00171
190509 1732 1 2742353498 00146
190509 1733 2 2742353498 00146
190509 1736 1 3466733797 00190
190509 1737 2 3466733797 00190
190509 1738 1 3214223381 00188
190509 1739 3 0674051067 00004
190509 1741 1 2393511778 00205
190509 1741 2 3145645846 00198
190509 1742 3 0024646619 00169
190509 1743 1 2742353514 00192
190509 1743 2 2742353514 00192
190509 1749 1 3145645846 00198
190509 1749 2 3145645846 00198
190509 1749 1 2393511778 00205
190509 1749 2 2393511778 00205
190509 1756 2 3145645846 00198
190509 1802 1 3214223381 00188
190509 1804 1 3214223381 00188
190509 1805 1 3214017429 00180
190509 1807 1 2742353498 00146
190509 1808 1 2742353514 00192
190509 1808 2 2742353514 00192
190509 1812 1 3180300217 00153
190509 1813 2 3180300217 00153
190509 1813 3 5714746026 00201
190509 1813 1 2744845370 00079
190509 1813 2 2744845370 00079
190509 1814 1 6238034684 00171
190509 1815 2 3465808053 00177
190509 1816 1 2732830658 00207
190509 1816 2 2732830658 00207
190509 1820 1 2742353514 00192
190509 1820 1 1484663634 00166
190509 1821 1 3180300217 00153
190509 1822 1 2393511778 00205
190509 1822 2 2393511778 00205
190509 1826 1 3213553141 00195
190509 1827 2 3213553141 00195
190509 1827 3 3595204294 00193
190509 1827 1 3213553141 00195
190509 1828 3 3214505957 00202
190509 1833 1 1166545250 00208
190509 1837 3 3595204294 00193
190509 1840 1 3180611065 00152
190509 1840 2 3180611065 00152
190509 1841 1 2744845370 00079
190509 1841 1 6355944412 00000
190509 1841 2 6355944412 00000
190509 1842 1 3180611065 00152
190509 1843 1 3690229446 00183
190509 1844 3 3595204294 00193
190509 1844 1 0674051067 00004
190509 1844 2 0674051067 00004
190509 1847 3 3595204294 00193
190509 1848 2 2394843026 00210
190509 1851 1 6237842876 00149
190509 1851 3 0674051067 00004
190509 1851 2 6237842876 00149
190509 1851 1 2394843026 00210
190509 1851 2 2394843026 00210
190509 1852 1 3466658213 00186
190509 1852 2 3466658213 00186
190509 1855 3 0024646619 00169
190509 1859 1 2732830658 00207
190509 1900 3 0024646619 00169
190509 1900 2 2732830658 00207
190509 1904 1 3145645846 00198
190509 1906 1 0025842283 00158
190509 1914 3 3214505957 00202
190509 1914 3 0674051067 00004
190509 1915 1 0674051067 00004
190509 1916 2 0674051067 00004
190509 1918 1 2732830658 00207
190509 1919 1 6237842876 00149
190509 1919 1 3214017429 00180
190509 1921 1 3466658213 00186
190509 1922 2 6237865324 00032
190509 1922 2 3465808053 00177
190509 1924 1 2394843026 00210
190509 1924 2 2394843026 00210
190509 1927 1 3465808053 00177
190509 1927 1 2394843026 00210
190509 1927 2 2394843026 00210
190509 1934 1 6237865324 00032
190509 1934 1 2394843026 00210
190509 1949 1 3466748197 00150
190509 1949 1 3391149413 00181
190509 2222 3 0674051067 00004
