190422 0826 3 0024646619 00169
190422 0826 3 0024646619 00169
190422 0827 4 0024646619 00169
190422 0833 3 5714746026 00201
190422 0833 4 5714746026 00201
190422 0834 1 6237865324 00032
190422 0835 2 6237865324 00032
190422 0836 4 0024646619 00169
190422 0840 1 3214223381 00188
190422 0840 2 6237865324 00032
190422 0845 1 3465808053 00177
190422 0845 2 3465808053 00177
190422 0845 4 5714746026 00201
190422 0848 1 3465808053 00177
190422 0849 2 3465808053 00177
190422 0849 2 3214223381 00188
190422 0849 4 5714746026 00201
190422 0850 1 2394843026 00210
190422 0851 2 2394843026 00210
190422 0855 1 3213553141 00195
190422 0855 2 3213553141 00195
190422 0859 1 3213553141 00195
190422 0859 1 2742353498 00146
190422 0859 2 3213553141 00195
190422 0905 1 3690229446 00183
190422 0906 2 3690229446 00183
190422 0907 1 2732830658 00207
190422 0907 2 2732830658 00207
190422 0908 1 2742353498 00146
190422 0908 2 2742353498 00146
190422 0910 1 2393511778 00205
190422 0910 2 2393511778 00205
190422 0911 1 3690229446 00183
190422 0912 2 2732830658 00207
190422 0912 1 2393511778 00205
190422 0912 2 2393511778 00205
190422 0916 1 0025842283 00158
190422 0916 2 0025842283 00158
190422 0916 1 2744845370 00079
190422 0917 2 2744845370 00079
190422 0921 1 2744845370 00079
190422 0921 2 2744845370 00079
190422 0922 1 1166545250 00208
190422 0922 2 1166545250 00208
190422 0923 1 3145645846 00198
190422 0924 1 3466748197 00150
190422 0924 2 3145645846 00198
190422 0924 2 0025842283 00158
190422 0925 2 3690229446 00183
190422 0929 1 1166545250 00208
190422 0930 2 1166545250 00208
190422 0934 1 3214223381 00188
190422 0935 1 3180611065 00152
190422 0935 2 3180611065 00152
190422 0938 1 6238034684 00171
190422 0938 2 6238034684 00171
190422 0940 1 3391149413 00181
190422 0940 1 3214017429 00180
190422 0940 2 3391149413 00181
190422 0941 4 0024646619 00169
190422 0942 1 1484663634 00166
190422 0942 2 1484663634 00166
190422 0943 4 2742354762 00047
190422 0945 4 0674051067 00004
190422 0946 4 2742354762 00047
190422 0949 1 3690229446 00183
190422 0949 2 3690229446 00183
190422 0951 1 3466658213 00186
190422 0951 2 3466658213 00186
190422 0952 1 1484663634 00166
190422 0953 2 1484663634 00166
190422 0954 1 3180300217 00153
190422 0955 2 3180300217 00153
190422 0959 2 0674051067 00004
190422 1000 1 3466733797 00190
190422 1000 2 3466733797 00190
190422 1009 1 3466748197 00150
190422 1010 2 3466748197 00150
190422 1011 1 0674051067 00004
190422 1011 2 0674051067 00004
190422 1013 4 0674051067 00004
190422 1014 1 0025842283 00158
190422 1014 4 2742354762 00047
190422 1014 2 0025842283 00158
190422 1015 4 2742354762 00047
190422 1026 2 3180300217 00153
190422 1026 1 2732830658 00207
190422 1027 2 2732830658 00207
190422 1029 2 2393511778 00205
190422 1030 2 2394843026 00210
190422 1035 1 4286217980 00905
190422 1035 2 4286217980 00905
190422 1037 2 3690229446 00183
190422 1039 2 3145645846 00198
190422 1040 2 3214017429 00180
190422 1041 2 3214017429 00180
190422 1045 2 3180611065 00152
190422 1045 2 4286217980 00905
190422 1049 2 3180611065 00152
190422 1052 4 2742354762 00047
190422 1053 2 6237865324 00032
190422 1054 4 5714746026 00201
190422 1057 1 3466658213 00186
190422 1058 2 3466658213 00186
190422 1058 1 3214017429 00180
190422 1058 2 3214017429 00180
190422 1059 1 3213553141 00195
190422 1059 2 3213553141 00195
190422 1100 4 0024646619 00169
190422 1104 1 2744845370 00079
190422 1104 2 2744845370 00079
190422 1107 1 2742353498 00146
190422 1107 2 2742353498 00146
190422 1109 1 3690229446 00183
190422 1109 2 3690229446 00183
190422 1114 1 2732830658 00207
190422 1114 2 2732830658 00207
190422 1119 1 1166545250 00208
190422 1119 2 1166545250 00208
190422 1120 1 3214017429 00180
190422 1120 2 3214017429 00180
190422 1123 4 5713740026 00175
190422 1124 1 2393511778 00205
190422 1136 1 5713740026 00175
190422 1136 2 5713740026 00175
190422 1137 2 3465808053 00177
190422 1140 1 6237865324 00032
190422 1141 2 6237865324 00032
190422 1142 1 2394843026 00210
190422 1143 2 2394843026 00210
190422 1143 1 3145645846 00198
190422 1143 2 3145645846 00198
190422 1145 4 0674051067 00004
190422 1153 1 0025842283 00158
190422 1153 2 0025842283 00158
190422 1158 2 2732830658 00207
190422 1159 1 2744845370 00079
190422 1159 2 2744845370 00079
190422 1200 1 3466658213 00186
190422 1200 2 3466658213 00186
190422 1204 1 2742353498 00146
190422 1204 2 2742353498 00146
190422 1205 4 0024646619 00169
190422 1205 2 2393511778 00205
190422 1215 4 5713740026 00175
190422 1215 2 3180300217 00153
190422 1216 2 3466748197 00150
190422 1217 2 3465808053 00177
190422 1217 2 3466733797 00190
190422 1218 2 3145645846 00198
190422 1218 3 1166545250 00208
190422 1218 4 1166545250 00208
190422 1226 4 5714746026 00201
190422 1232 2 2394843026 00210
190422 1235 2 3391149413 00181
190422 1237 4 5714746026 00201
190422 1240 2 2394843026 00210
190422 1240 2 2744845370 00079
190422 1243 2 6237865324 00032
190422 1249 4 0024646619 00169
190422 1250 2 3690229446 00183
190422 1252 2 3213553141 00195
190422 1254 2 3466733797 00190
190422 1254 2 2732830658 00207
190422 1258 4 5714746026 00201
190422 1300 2 4286217980 00905
190422 1300 2 0025842283 00158
190422 1302 2 3690229446 00183
190422 1302 2 3391149413 00181
190422 1303 2 3145645846 00198
190422 1304 2 2732830658 00207
190422 1305 2 3180300217 00153
190422 1305 1 2742353498 00146
190422 1305 2 2742353498 00146
190422 1307 1 3465808053 00177
190422 1307 2 3465808053 00177
190422 1307 4 5713740026 00175
190422 1311 1 3145645846 00198
190422 1311 2 3145645846 00198
190422 1311 2 3466658213 00186
190422 1313 1 2742353514 00192
190422 1314 2 2742353514 00192
190422 1314 1 3466658213 00186
190422 1314 2 3466658213 00186
190422 1314 1 3391149413 00181
190422 1314 2 3391149413 00181
190422 1317 1 2742353498 00146
190422 1318 1 2742353514 00192
190422 1319 2 2742353514 00192
190422 1326 1 3214017429 00180
190422 1326 2 3391149413 00181
190422 1329 1 3214223381 00188
190422 1329 4 5714746026 00201
190422 1330 2 3214223381 00188
190422 1331 2 1166545250 00208
190422 1334 2 2732830658 00207
190422 1335 2 4286217980 00905
190422 1335 2 1484663634 00166
190422 1335 2 3466748197 00150
190422 1336 2 3180300217 00153
190422 1337 2 2742353514 00192
190422 1338 1 3214017429 00180
190422 1338 2 3214017429 00180
190422 1341 1 3180611065 00152
190422 1341 2 3180611065 00152
190422 1354 1 3213553141 00195
190422 1355 2 3213553141 00195
190422 1359 1 4286217980 00905
190422 1359 2 4286217980 00905
190422 1401 1 3466658213 00186
190422 1401 2 3466658213 00186
190422 1405 1 2742353514 00192
190422 1405 2 2742353514 00192
190422 1406 4 0674051067 00004
190422 1413 1 3214223381 00188
190422 1415 2 2393511778 00205
190422 1415 4 5713740026 00175
190422 1416 1 3690229446 00183
190422 1416 2 3690229446 00183
190422 1418 1 6237865324 00032
190422 1418 2 6237865324 00032
190422 1420 1 2393511778 00205
190422 1420 2 2393511778 00205
190422 1420 1 2744845370 00079
190422 1421 2 2744845370 00079
190422 1424 1 2394843026 00210
190422 1424 2 2394843026 00210
190422 1431 4 2742354762 00047
190422 1457 4 0024646619 00169
190422 1458 1 3145645846 00198
190422 1459 1 6238034684 00171
190422 1503 1 1484663634 00166
190422 1504 2 1484663634 00166
190422 1504 2 3180300217 00153
190422 1505 2 3214223381 00188
190422 1505 1 1166545250 00208
190422 1505 2 1166545250 00208
190422 1506 2 5713740026 00175
190422 1507 1 2394843026 00210
190422 1507 2 2394843026 00210
190422 1508 1 6237865324 00032
190422 1508 2 6237865324 00032
190422 1508 1 2744845370 00079
190422 1508 2 2744845370 00079
190422 1508 1 2732830658 00207
190422 1509 2 2732830658 00207
190422 1512 1 2742353514 00192
190422 1512 2 2742353514 00192
190422 1514 1 3466658213 00186
190422 1516 4 5713740026 00175
190422 1525 2 3214223381 00188
190422 1532 1 1484663634 00166
190422 1532 2 1484663634 00166
190422 1534 1 2394843026 00210
190422 1534 2 2394843026 00210
190422 1542 1 3214017429 00180
190422 1542 2 3214017429 00180
190422 1543 1 3690229446 00183
190422 1544 2 3690229446 00183
190422 1548 2 3465808053 00177
190422 1549 2 3391149413 00181
190422 1550 2 0025842283 00158
190422 1551 1 3465808053 00177
190422 1551 2 3465808053 00177
190422 1553 1 6237865324 00032
190422 1553 2 6237865324 00032
190422 1554 1 3466748197 00150
190422 1555 2 3466748197 00150
190422 1556 4 2742354762 00047
190422 1557 1 0025842283 00158
190422 1557 2 0025842283 00158
190422 1557 1 2732830658 00207
190422 1557 2 2732830658 00207
190422 1559 1 2742353498 00146
190422 1600 2 2742353498 00146
190422 1604 4 0024646619 00169
190422 1605 2 2394843026 00210
190422 1609 2 2744845370 00079
190422 1613 2 2742353514 00192
190422 1630 2 1484663634 00166
190422 1632 2 3466658213 00186
190422 1636 2 3391149413 00181
190422 1637 2 2393511778 00205
190422 1639 2 3214017429 00180
190422 1640 2 3180611065 00152
190422 1642 2 3690229446 00183
190422 1644 2 2394843026 00210
190422 1652 2 1166545250 00208
190422 1653 4 5713740026 00175
190422 1655 2 2742353498 00146
190422 1658 4 0674051067 00004
190422 1704 2 3145645846 00198
190422 1707 2 3213553141 00195
190422 1707 2 2742353514 00192
190422 1711 2 2742353514 00192
190422 1714 2 1484663634 00166
190422 1716 4 5714746026 00201
190422 1716 2 1484663634 00166
190422 1726 2 2394843026 00210
190422 1730 4 0024646619 00169
190422 1731 2 3466748197 00150
190422 1739 2 2393511778 00205
190422 1743 2 2744845370 00079
190422 1744 1 0025842283 00158
190422 1750 2 3214017429 00180
190422 1750 2 6237865324 00032
190422 1753 2 2732830658 00207
190422 1755 2 3690229446 00183
190422 1759 1 6238034684 00171
190422 1759 2 6238034684 00171
190422 1759 4 0024646619 00169
190422 1800 4 0024646619 00169
190422 1801 3 0024646619 00169
190422 1802 1 3214223381 00188
190422 1802 1 2742353514 00192
190422 1803 2 2742353514 00192
190422 1803 1 3214223381 00188
190422 1808 1 2742353514 00192
190422 1809 1 3466658213 00186
190422 1809 2 3466658213 00186
190422 1809 4 5713740026 00175
190422 1815 1 3213553141 00195
190422 1815 2 3213553141 00195
190422 1816 1 3145645846 00198
190422 1816 2 3145645846 00198
190422 1825 1 3213553141 00195
190422 1827 1 1484663634 00166
190422 1827 2 1484663634 00166
190422 1831 1 2394843026 00210
190422 1831 2 2394843026 00210
190422 1833 3 5714746026 00201
190422 1833 3 5714746026 00201
190422 1833 1 1166545250 00208
190422 1833 2 3180300217 00153
190422 1835 1 4286217980 00905
190422 1835 2 4286217980 00905
190422 1837 1 3466658213 00186
190422 1837 2 3466658213 00186
190422 1840 1 3180611065 00152
190422 1840 2 3180611065 00152
190422 1840 1 3180300217 00153
190422 1847 2 3466658213 00186
190422 1847 2 1166545250 00208
190422 1847 1 1166545250 00208
190422 1847 1 3466733797 00190
190422 1847 2 4286217980 00905
190422 1848 1 3466733797 00190
190422 1850 1 2744845370 00079
190422 1850 2 2744845370 00079
190422 1851 1 3466748197 00150
190422 1851 2 3466748197 00150
190422 1851 1 2393511778 00205
190422 1851 2 3690229446 00183
190422 1852 2 3690229446 00183
190422 1852 1 2744845370 00079
190422 1852 1 3180611065 00152
190422 1856 2 2394843026 00210
190422 1857 1 1484663634 00166
190422 1859 1 3466748197 00150
190422 1901 1 3690229446 00183
190422 1901 1 2732830658 00207
190422 1901 4 0674051067 00004
190422 1902 1 3145645846 00198
190422 1902 2 2742353498 00146
190422 1907 1 3465808053 00177
190422 1907 2 3466658213 00186
190422 1911 2 3214017429 00180
190422 1916 1 6238034684 00171
190422 1916 1 3466658213 00186
190422 1916 1 2742353498 00146
190422 1916 1 3391149413 00181
190422 1916 1 3214017429 00180
190422 1946 1 6237865324 00032
190422 1946 2 6237865324 00032
190422 2016 1 6237865324 00032
