190307 0747 1 6237865324 00032
190307 0748 2 6237865324 00032
190307 0750 1 6237865324 00032
190307 0750 2 6237865324 00032
190307 0819 3 5714746026 00201
190307 0819 3 5714746026 00201
190307 0827 3 0024646619 00169
190307 0828 3 0024646619 00169
190307 0829 4 0024646619 00169
190307 0834 4 6237865324 00032
190307 0837 4 0024646619 00169
190307 0837 4 5714746026 00201
190307 0844 1 3465808053 00177
190307 0844 2 3465808053 00177
190307 0846 1 2744845370 00079
190307 0846 4 0024646619 00169
190307 0846 2 2744845370 00079
190307 0846 2 6237865324 00032
190307 0849 4 5714746026 00201
190307 0853 1 3145526534 00199
190307 0854 2 3145526534 00199
190307 0854 1 2744845370 00079
190307 0854 2 2744845370 00079
190307 0907 1 4435111614 00164
190307 0907 1 2742353498 00146
190307 0908 2 4435111614 00164
190307 0909 2 3145526534 00199
190307 0911 1 4435111614 00164
190307 0912 2 4435111614 00164
190307 0912 1 6355944412 00000
190307 0912 2 6355944412 00000
190307 0913 1 2393511778 00205
190307 0913 2 2393511778 00205
190307 0917 3 3214505957 00202
190307 0917 4 3214505957 00202
190307 0922 1 0025842283 00158
190307 0922 2 0025842283 00158
190307 0923 4 3214505957 00202
190307 0923 1 3214223381 00188
190307 0924 1 3466748197 00150
190307 0925 2 3466748197 00150
190307 0928 4 3214505957 00202
190307 0931 4 5713740026 00175
190307 0932 2 2742353498 00146
190307 0933 4 2742354762 00047
190307 0935 4 2742354762 00047
190307 0940 1 3213553141 00195
190307 0940 2 3213553141 00195
190307 0941 1 3214017429 00180
190307 0942 1 2742353514 00192
190307 0942 2 2742353514 00192
190307 0942 2 3214017429 00180
190307 0942 3 4285846892 00200
190307 0943 4 4285846892 00200
190307 0943 2 3213553141 00195
190307 0944 1 3595839158 00194
190307 0944 2 3595839158 00194
190307 0945 2 2742353514 00192
190307 0946 4 0674051067 00004
190307 0946 2 2742353514 00192
190307 0947 2 6237865324 00032
190307 0950 1 6238034684 00171
190307 0950 2 3391149413 00181
190307 0952 1 3690229446 00183
190307 0952 2 3690229446 00183
190307 0953 2 3595839158 00194
190307 0956 2 5713740026 00175
190307 1000 3 4285846892 00200
190307 1001 1 3466658213 00186
190307 1001 2 3466658213 00186
190307 1004 2 3690229446 00183
190307 1005 2 3466658213 00186
190307 1007 2 3213553141 00195
190307 1007 1 3408463525 00184
190307 1008 2 3408463525 00184
190307 1010 2 3690229446 00183
190307 1012 2 2742353498 00146
190307 1013 2 3214223381 00188
190307 1014 1 3180300217 00153
190307 1014 1 3180611065 00152
190307 1014 2 3180611065 00152
190307 1016 2 4285846892 00200
190307 1022 2 3214223381 00188
190307 1025 2 2393511778 00205
190307 1030 2 3465808053 00177
190307 1032 2 3180300217 00153
190307 1035 1 6237865324 00032
190307 1036 2 6237865324 00032
190307 1038 2 4435111614 00164
190307 1040 2 3214223381 00188
190307 1041 1 6355944412 00000
190307 1042 2 6355944412 00000
190307 1044 1 3466748197 00150
190307 1044 2 3466748197 00150
190307 1045 2 3214223381 00188
190307 1045 2 3214223381 00188
190307 1045 2 3214017429 00180
190307 1049 1 3466748197 00150
190307 1049 2 3466748197 00150
190307 1050 2 3214223381 00188
190307 1052 1 4286217980 00905
190307 1052 2 4286217980 00905
190307 1055 1 3466658213 00186
190307 1055 2 3466658213 00186
190307 1055 1 2742353514 00192
190307 1055 2 2742353514 00192
190307 1059 1 2742353514 00192
190307 1059 2 2742353514 00192
190307 1059 1 3214223381 00188
190307 1101 2 3214223381 00188
190307 1102 3 4286217980 00905
190307 1104 1 4286217980 00905
190307 1104 2 4286217980 00905
190307 1105 1 3214223381 00188
190307 1108 1 0353805386 00904
190307 1109 2 3214223381 00188
190307 1109 1 3595839158 00194
190307 1109 2 3595839158 00194
190307 1113 1 3214505957 00202
190307 1113 2 3214505957 00202
190307 1116 2 2744845370 00079
190307 1118 3 3214505957 00202
190307 1121 1 2742353498 00146
190307 1122 2 0025842283 00158
190307 1123 2 4285846892 00200
190307 1125 1 3690229446 00183
190307 1126 2 3690229446 00183
190307 1127 2 3214223381 00188
190307 1131 1 3214223381 00188
190307 1132 1 3466748197 00150
190307 1132 2 3466748197 00150
190307 1133 2 3466748197 00150
190307 1134 2 3214223381 00188
190307 1136 1 3214017429 00180
190307 1136 2 3214017429 00180
190307 1137 2 3214223381 00188
190307 1137 1 3465808053 00177
190307 1138 1 4286217980 00905
190307 1138 2 4286217980 00905
190307 1141 2 4286217980 00905
190307 1141 2 2742353514 00192
190307 1146 2 2742353514 00192
190307 1146 2 3180300217 00153
190307 1147 1 3408463525 00184
190307 1147 2 3408463525 00184
190307 1148 1 3145526534 00199
190307 1148 2 3145526534 00199
190307 1149 1 2742353514 00192
190307 1149 2 2742353514 00192
190307 1150 1 3214017429 00180
190307 1150 2 3214017429 00180
190307 1152 2 3213553141 00195
190307 1152 3 0353805386 00904
190307 1156 2 2742353498 00146
190307 1157 2 6355944412 00000
190307 1158 2 3466658213 00186
190307 1201 2 2742353514 00192
190307 1201 2 3180300217 00153
190307 1203 2 2393511778 00205
190307 1207 2 3213553141 00195
190307 1208 2 2742353514 00192
190307 1209 2 3690229446 00183
190307 1211 2 0674051067 00004
190307 1212 2 6355944412 00000
190307 1213 2 2393511778 00205
190307 1213 2 3466748197 00150
190307 1214 2 3214017429 00180
190307 1215 2 2742353514 00192
190307 1217 2 2742353498 00146
190307 1218 2 3214223381 00188
190307 1218 3 4285846892 00200
190307 1219 2 3180611065 00152
190307 1220 2 4286217980 00905
190307 1224 1 3466748197 00150
190307 1224 2 3466748197 00150
190307 1225 1 0353805386 00904
190307 1226 2 3180300217 00153
190307 1227 1 4435111614 00164
190307 1227 2 0674051067 00004
190307 1231 1 5713740026 00175
190307 1235 2 6237865324 00032
190307 1238 1 3214223381 00188
190307 1239 2 3214223381 00188
190307 1241 2 6237865324 00032
190307 1245 3 4286217980 00905
190307 1246 1 4435111614 00164
190307 1246 2 4435111614 00164
190307 1248 2 2393511778 00205
190307 1251 2 2742353498 00146
190307 1251 1 4435111614 00164
190307 1253 2 2742353498 00146
190307 1254 2 4286217980 00905
190307 1257 2 2742353498 00146
190307 1300 2 4285846892 00200
190307 1308 2 3145526534 00199
190307 1311 2 3145526534 00199
190307 1312 1 3145645846 00198
190307 1312 2 3145645846 00198
190307 1320 2 3214017429 00180
190307 1320 2 3180611065 00152
190307 1325 2 3408463525 00184
190307 1326 2 3408463525 00184
190307 1329 2 3214223381 00188
190307 1330 2 6238034684 00171
190307 1332 2 3214017429 00180
190307 1333 2 2744845370 00079
190307 1334 2 2742353498 00146
190307 1336 2 2742353498 00146
190307 1337 2 3180300217 00153
190307 1338 3 0353805386 00904
190307 1342 2 4286217980 00905
190307 1342 2 5713740026 00175
190307 1343 2 3595839158 00194
190307 1344 2 3466658213 00186
190307 1344 2 3213553141 00195
190307 1345 2 2393511778 00205
190307 1346 2 3408463525 00184
190307 1348 2 5713740026 00175
190307 1348 2 4286217980 00905
190307 1355 2 3465808053 00177
190307 1357 2 5713740026 00175
190307 1359 2 5713740026 00175
190307 1359 2 3465808053 00177
190307 1359 2 4286217980 00905
190307 1400 2 3214223381 00188
190307 1400 1 0025842283 00158
190307 1401 3 4285846892 00200
190307 1404 3 4285846892 00200
190307 1404 1 3465808053 00177
190307 1405 2 3465808053 00177
190307 1406 2 0674051067 00004
190307 1407 1 3690229446 00183
190307 1407 2 3690229446 00183
190307 1410 2 0025842283 00158
190307 1412 2 3214223381 00188
190307 1412 1 0674051067 00004
190307 1416 1 2742353514 00192
190307 1416 2 2742353514 00192
190307 1417 1 3214223381 00188
190307 1418 1 2742353514 00192
190307 1419 2 2742353514 00192
190307 1419 1 6355944412 00000
190307 1419 2 6355944412 00000
190307 1422 2 0674051067 00004
190307 1422 1 3466658213 00186
190307 1422 2 3466658213 00186
190307 1424 1 6237865324 00032
190307 1424 2 6237865324 00032
190307 1428 2 3145645846 00198
190307 1428 2 3145526534 00199
190307 1432 2 0674051067 00004
190307 1432 1 0025842283 00158
190307 1433 2 0025842283 00158
190307 1433 1 3466748197 00150
190307 1433 2 3466748197 00150
190307 1436 2 4286217980 00905
190307 1441 1 2744845370 00079
190307 1441 2 2744845370 00079
190307 1443 1 3466658213 00186
190307 1443 2 3466658213 00186
190307 1447 1 2742353498 00146
190307 1447 2 2742353498 00146
190307 1449 1 0025842283 00158
190307 1449 2 0025842283 00158
190307 1450 2 0674051067 00004
190307 1453 2 4286217980 00905
190307 1455 1 3465808053 00177
190307 1457 1 3214017429 00180
190307 1457 2 3214017429 00180
190307 1459 2 3595839158 00194
190307 1505 2 3145645846 00198
190307 1510 2 4286217980 00905
190307 1510 2 2393511778 00205
190307 1511 2 4286217980 00905
190307 1511 1 3466658213 00186
190307 1514 1 3213553141 00195
190307 1514 2 3213553141 00195
190307 1532 2 3214223381 00188
190307 1533 1 2744845370 00079
190307 1533 2 2744845370 00079
190307 1535 1 3213553141 00195
190307 1535 2 3213553141 00195
190307 1545 2 0674051067 00004
190307 1545 1 3466748197 00150
190307 1546 2 4286217980 00905
190307 1547 1 2393511778 00205
190307 1548 2 2393511778 00205
190307 1548 2 3180611065 00152
190307 1553 1 3214223381 00188
190307 1558 1 3180611065 00152
190307 1559 2 3465808053 00177
190307 1559 2 3214223381 00188
190307 1602 1 3180611065 00152
190307 1602 2 3180611065 00152
190307 1604 1 6237865324 00032
190307 1604 2 6237865324 00032
190307 1604 1 5713740026 00175
190307 1605 2 5713740026 00175
190307 1607 1 6237865324 00032
190307 1607 2 6237865324 00032
190307 1609 2 2742353498 00146
190307 1615 1 3214223381 00188
190307 1615 2 3214223381 00188
190307 1628 2 0025842283 00158
190307 1628 1 3595839158 00194
190307 1629 2 3595839158 00194
190307 1636 1 6355944412 00000
190307 1636 2 6355944412 00000
190307 1646 1 3466748197 00150
190307 1646 2 3466748197 00150
190307 1649 1 3214017429 00180
190307 1649 2 3214017429 00180
190307 1659 1 3213553141 00195
190307 1700 2 3213553141 00195
190307 1704 1 4286217980 00905
190307 1704 2 4286217980 00905
190307 1705 1 3690229446 00183
190307 1706 1 6237865324 00032
190307 1706 2 3690229446 00183
190307 1709 1 2393511778 00205
190307 1709 2 3145645846 00198
190307 1712 2 2742353498 00146
190307 1715 2 2744845370 00079
190307 1715 2 5713740026 00175
190307 1718 1 2393511778 00205
190307 1718 2 2393511778 00205
190307 1718 1 3145526534 00199
190307 1719 2 3145526534 00199
190307 1719 1 4285846892 00200
190307 1719 2 4285846892 00200
190307 1722 1 3180300217 00153
190307 1722 2 3180611065 00152
190307 1730 1 5713740026 00175
190307 1730 1 3180611065 00152
190307 1731 2 3180611065 00152
190307 1734 2 3180611065 00152
190307 1734 1 0674051067 00004
190307 1734 2 0674051067 00004
190307 1736 1 3595839158 00194
190307 1741 2 3595839158 00194
190307 1743 1 3214223381 00188
190307 1744 2 5713740026 00175
190307 1753 2 0353805386 00904
190307 1759 1 4286217980 00905
190307 1800 1 3214223381 00188
190307 1800 2 2744845370 00079
190307 1801 3 0024646619 00169
190307 1802 1 3466748197 00150
190307 1802 2 3466748197 00150
190307 1802 2 5713740026 00175
190307 1802 2 4286217980 00905
190307 1803 1 3214223381 00188
190307 1805 3 5714746026 00201
190307 1805 3 5714746026 00201
190307 1812 1 3145645846 00198
190307 1812 2 3145645846 00198
190307 1814 1 2742353498 00146
190307 1814 2 2742353498 00146
190307 1817 1 2393511778 00205
190307 1817 2 2393511778 00205
190307 1817 1 2742353498 00146
190307 1822 1 6237865324 00032
190307 1822 2 6237865324 00032
190307 1823 1 2744845370 00079
190307 1827 1 3213553141 00195
190307 1828 2 3213553141 00195
190307 1832 1 3180611065 00152
190307 1832 2 4285846892 00200
190307 1833 1 3180611065 00152
190307 1833 2 3180611065 00152
190307 1835 3 4285846892 00200
190307 1836 2 0025842283 00158
190307 1837 2 0025842283 00158
190307 1838 1 3213553141 00195
190307 1839 3 4285846892 00200
190307 1840 2 3145645846 00198
190307 1841 2 5713740026 00175
190307 1841 2 3595839158 00194
190307 1844 2 0025842283 00158
190307 1846 1 3690229446 00183
190307 1846 1 3145645846 00198
190307 1846 1 3595839158 00194
190307 1846 1 2393511778 00205
190307 1849 2 6237865324 00032
190307 1852 3 3214505957 00202
190307 1853 2 6237865324 00032
190307 1903 2 0025842283 00158
190307 1906 1 4286217980 00905
190307 1906 2 4286217980 00905
190307 1907 1 3466748197 00150
190307 1907 2 3466748197 00150
190307 1910 1 3466748197 00150
190307 1910 2 3466748197 00150
190307 1911 1 4286217980 00905
190307 1911 2 4286217980 00905
190307 1913 2 6238034684 00171
190307 1915 2 0025842283 00158
190307 1917 1 3466748197 00150
190307 1917 1 6238034684 00171
190307 1917 1 0025842283 00158
190307 1921 2 3214017429 00180
190307 1924 1 6237865324 00032
190307 1925 2 6237865324 00032
190307 1927 1 6237865324 00032
190307 1953 1 3145526534 00199
190307 1953 2 3145526534 00199
190307 1957 1 3145526534 00199
190307 1957 2 3145526534 00199
190307 2001 1 3180300217 00153
190307 2002 2 3180300217 00153
190307 2004 1 3214017429 00180
190307 2004 2 3214017429 00180
190307 2024 1 3180300217 00153
190307 2124 1 3214017429 00180
190307 2124 2 3214017429 00180
190307 2202 1 3214017429 00180
190307 2202 2 3214017429 00180
190307 2204 1 3214017429 00180
