190424 0755 1 6237865324 00032
190424 0756 2 6237865324 00032
190424 0758 2 3214104853 00901
190424 0800 2 3214104853 00901
190424 0802 2 6237865324 00032
190424 0821 3 5714746026 00201
190424 0821 3 5714746026 00201
190424 0821 3 5714746026 00201
190424 0826 3 0024646619 00169
190424 0826 3 0024646619 00169
190424 0828 4 0024646619 00169
190424 0838 4 5714746026 00201
190424 0839 4 0024646619 00169
190424 0840 1 3214223381 00188
190424 0843 2 3465808053 00177
190424 0845 2 3465808053 00177
190424 0847 4 5714746026 00201
190424 0848 2 3214223381 00188
190424 0849 1 2742353514 00192
190424 0849 1 2394843026 00210
190424 0849 2 2742353514 00192
190424 0854 1 2742353498 00146
190424 0854 2 2742353498 00146
190424 0856 2 2742353514 00192
190424 0858 2 2742353498 00146
190424 0859 2 3466748197 00150
190424 0907 3 3595204294 00193
190424 0907 4 3595204294 00193
190424 0908 2 2732830658 00207
190424 0910 1 3213553141 00195
190424 0910 2 3213553141 00195
190424 0911 2 2732830658 00207
190424 0911 1 2393511778 00205
190424 0911 2 2393511778 00205
190424 0913 2 3213553141 00195
190424 0914 2 2393511778 00205
190424 0914 1 2744845370 00079
190424 0915 1 4435111614 00164
190424 0915 2 2744845370 00079
190424 0915 2 4435111614 00164
190424 0916 2 3214223381 00188
190424 0916 2 3214104853 00901
190424 0916 3 4285846892 00200
190424 0916 4 4285846892 00200
190424 0919 2 2744845370 00079
190424 0919 4 4285846892 00200
190424 0919 1 1166545250 00208
190424 0919 2 1166545250 00208
190424 0920 4 4285846892 00200
190424 0920 2 0025842283 00158
190424 0922 3 3214104853 00901
190424 0922 4 3214104853 00901
190424 0923 2 1166545250 00208
190424 0927 1 3180611065 00152
190424 0927 2 3180611065 00152
190424 0928 4 3595204294 00193
190424 0928 3 3214505957 00202
190424 0929 4 3214505957 00202
190424 0930 4 3214104853 00901
190424 0931 1 0025842283 00158
190424 0931 2 0025842283 00158
190424 0931 2 0025842283 00158
190424 0931 4 3214505957 00202
190424 0932 1 3391149413 00181
190424 0932 2 3391149413 00181
190424 0933 1 3690229446 00183
190424 0933 2 3180611065 00152
190424 0934 1 3145645846 00198
190424 0934 2 6355944412 00000
190424 0935 4 3214505957 00202
190424 0937 4 3214505957 00202
190424 0938 1 3466658213 00186
190424 0939 2 3466658213 00186
190424 0939 1 3465808053 00177
190424 0939 2 3465808053 00177
190424 0939 4 0024646619 00169
190424 0940 4 3595204294 00193
190424 0940 2 4285846892 00200
190424 0941 4 5714746026 00201
190424 0942 1 3214017429 00180
190424 0942 1 6238034684 00171
190424 0943 2 3214017429 00180
190424 0943 4 4285846892 00200
190424 0945 1 2742353514 00192
190424 0946 2 2742353514 00192
190424 0947 4 3214104853 00901
190424 0950 4 3214104853 00901
190424 0952 1 3180300217 00153
190424 0952 2 4435111614 00164
190424 0952 2 3180300217 00153
190424 1003 1 1484663634 00166
190424 1003 2 1484663634 00166
190424 1004 1 2394843026 00210
190424 1004 2 2394843026 00210
190424 1005 4 4285846892 00200
190424 1006 4 3214223381 00188
190424 1008 4 3595204294 00193
190424 1010 4 3214104853 00901
190424 1011 1 3214223381 00188
190424 1011 2 3214223381 00188
190424 1013 1 3466733797 00190
190424 1013 2 3466733797 00190
190424 1014 1 3180611065 00152
190424 1014 2 3180611065 00152
190424 1019 4 5714746026 00201
190424 1020 1 3214104853 00901
190424 1020 1 3690229446 00183
190424 1020 2 3690229446 00183
190424 1020 2 3690229446 00183
190424 1023 1 3214223381 00188
190424 1024 2 3214223381 00188
190424 1024 1 3466748197 00150
190424 1027 1 0353805386 00904
190424 1027 2 3213553141 00195
190424 1029 1 3214104853 00901
190424 1030 2 3214104853 00901
190424 1031 4 3145645846 00198
190424 1041 2 2742353498 00146
190424 1043 2 0353805386 00904
190424 1044 1 3145645846 00198
190424 1044 2 3145645846 00198
190424 1050 1 3465808053 00177
190424 1051 2 3465808053 00177
190424 1051 1 3145645846 00198
190424 1051 2 3145645846 00198
190424 1055 1 3180300217 00153
190424 1055 2 3180300217 00153
190424 1058 1 2393511778 00205
190424 1058 2 2393511778 00205
190424 1107 4 3214505957 00202
190424 1112 1 2744845370 00079
190424 1112 2 2744845370 00079
190424 1115 1 1166545250 00208
190424 1116 2 1166545250 00208
190424 1117 2 2732830658 00207
190424 1119 4 0025842283 00158
190424 1120 2 3214017429 00180
190424 1122 1 0025842283 00158
190424 1122 2 0025842283 00158
190424 1122 4 0024646619 00169
190424 1124 4 4285846892 00200
190424 1124 1 2742353514 00192
190424 1127 1 4285846892 00200
190424 1127 2 4285846892 00200
190424 1127 4 3595204294 00193
190424 1128 1 3145645846 00198
190424 1128 2 3145645846 00198
190424 1132 1 2742353514 00192
190424 1132 2 2742353514 00192
190424 1132 1 3466748197 00150
190424 1133 2 3466748197 00150
190424 1135 1 6237865324 00032
190424 1135 2 6237865324 00032
190424 1136 1 2394843026 00210
190424 1136 2 2394843026 00210
190424 1154 4 3214505957 00202
190424 1156 4 3214505957 00202
190424 1157 2 3214223381 00188
190424 1158 1 3690229446 00183
190424 1158 2 3690229446 00183
190424 1159 4 0024646619 00169
190424 1202 2 1484663634 00166
190424 1203 2 2393511778 00205
190424 1204 4 4285846892 00200
190424 1205 4 3214505957 00202
190424 1206 4 3595204294 00193
190424 1206 2 3213553141 00195
190424 1208 4 5713740026 00175
190424 1210 2 4435111614 00164
190424 1216 2 3180611065 00152
190424 1217 2 3180300217 00153
190424 1219 2 2732830658 00207
190424 1220 2 3180300217 00153
190424 1221 2 2742353514 00192
190424 1223 2 5713740026 00175
190424 1225 2 0025842283 00158
190424 1226 2 2742353498 00146
190424 1227 2 1166545250 00208
190424 1228 3 0024646619 00169
190424 1229 4 0024646619 00169
190424 1229 2 3465808053 00177
190424 1238 2 2732830658 00207
190424 1240 2 2742353498 00146
190424 1240 2 3690229446 00183
190424 1240 2 1166545250 00208
190424 1244 2 3690229446 00183
190424 1246 2 2732830658 00207
190424 1247 2 2742353514 00192
190424 1249 2 6355944412 00000
190424 1250 4 3595204294 00193
190424 1253 2 6237865324 00032
190424 1255 2 2732830658 00207
190424 1255 2 2394843026 00210
190424 1258 2 3213553141 00195
190424 1259 2 2393511778 00205
190424 1301 2 3466658213 00186
190424 1305 2 2742353514 00192
190424 1313 2 3145645846 00198
190424 1313 4 0024646619 00169
190424 1313 2 3180611065 00152
190424 1313 4 3595204294 00193
190424 1314 4 0024646619 00169
190424 1314 2 3466733797 00190
190424 1315 2 5713740026 00175
190424 1318 2 3180300217 00153
190424 1318 2 3145645846 00198
190424 1318 2 2742353498 00146
190424 1320 3 4285846892 00200
190424 1321 4 4285846892 00200
190424 1322 2 5713740026 00175
190424 1324 2 3145645846 00198
190424 1326 2 2742353498 00146
190424 1328 2 3465808053 00177
190424 1330 2 0025842283 00158
190424 1330 2 2742353498 00146
190424 1331 4 0674051067 00004
190424 1331 4 5713740026 00175
190424 1332 2 3465808053 00177
190424 1333 2 3466748197 00150
190424 1333 2 3180300217 00153
190424 1334 4 3214505957 00202
190424 1339 1 1484663634 00166
190424 1339 2 1484663634 00166
190424 1339 3 4285846892 00200
190424 1339 1 3214017429 00180
190424 1340 2 3214017429 00180
190424 1340 1 6238034684 00171
190424 1340 2 6238034684 00171
190424 1341 1 3213553141 00195
190424 1341 2 0674051067 00004
190424 1341 4 4285846892 00200
190424 1343 1 3466658213 00186
190424 1343 2 3466658213 00186
190424 1352 2 0353805386 00904
190424 1356 3 4285846892 00200
190424 1359 1 3690229446 00183
190424 1359 2 3690229446 00183
190424 1404 1 2394843026 00210
190424 1404 2 2394843026 00210
190424 1406 1 3214223381 00188
190424 1406 2 3214223381 00188
190424 1407 2 6355944412 00000
190424 1413 1 2742353514 00192
190424 1413 2 2742353514 00192
190424 1417 4 0674051067 00004
190424 1420 2 3145645846 00198
190424 1421 2 3145645846 00198
190424 1422 1 2744845370 00079
190424 1422 2 2744845370 00079
190424 1426 1 1484663634 00166
190424 1426 2 1484663634 00166
190424 1427 4 3214505957 00202
190424 1428 1 1484663634 00166
190424 1428 2 1484663634 00166
190424 1432 2 2742353514 00192
190424 1435 2 3214223381 00188
190424 1438 2 6355944412 00000
190424 1443 1 2393511778 00205
190424 1444 2 2393511778 00205
190424 1449 1 2732830658 00207
190424 1449 2 2732830658 00207
190424 1449 4 3214223381 00188
190424 1451 1 3214223381 00188
190424 1452 1 2394843026 00210
190424 1453 2 2394843026 00210
190424 1456 4 5713740026 00175
190424 1458 4 0024646619 00169
190424 1502 1 3466748197 00150
190424 1502 2 3466748197 00150
190424 1512 1 3214017429 00180
190424 1512 2 3214017429 00180
190424 1517 2 6237865324 00032
190424 1518 1 3145645846 00198
190424 1518 2 3145645846 00198
190424 1526 1 2744845370 00079
190424 1526 2 2744845370 00079
190424 1527 2 3145645846 00198
190424 1529 1 3213553141 00195
190424 1529 2 3213553141 00195
190424 1533 4 5714746026 00201
190424 1535 2 3690229446 00183
190424 1535 1 1484663634 00166
190424 1536 2 1484663634 00166
190424 1538 1 3391149413 00181
190424 1539 2 3391149413 00181
190424 1539 1 2742353514 00192
190424 1539 2 2742353514 00192
190424 1543 1 3466658213 00186
190424 1543 2 3466658213 00186
190424 1543 1 1166545250 00208
190424 1543 2 1166545250 00208
190424 1545 1 2393511778 00205
190424 1546 2 2393511778 00205
190424 1548 1 2394843026 00210
190424 1548 2 2394843026 00210
190424 1552 4 0674051067 00004
190424 1555 1 0674051067 00004
190424 1555 2 0674051067 00004
190424 1557 1 2742353514 00192
190424 1557 2 2742353514 00192
190424 1557 4 3595204294 00193
190424 1559 4 3214505957 00202
190424 1559 4 0674051067 00004
190424 1613 1 1484663634 00166
190424 1613 2 1484663634 00166
190424 1616 4 0025842283 00158
190424 1620 1 0025842283 00158
190424 1622 1 0025842283 00158
190424 1622 2 0025842283 00158
190424 1623 2 3465808053 00177
190424 1623 2 3180300217 00153
190424 1625 2 2394843026 00210
190424 1627 2 2393511778 00205
190424 1634 2 0353805386 00904
190424 1634 2 4435111614 00164
190424 1635 2 2732830658 00207
190424 1635 2 2742353498 00146
190424 1644 2 0024646619 00169
190424 1645 2 3466748197 00150
190424 1646 4 0024646619 00169
190424 1649 2 3214017429 00180
190424 1651 4 0024646619 00169
190424 1651 2 1484663634 00166
190424 1656 2 3180611065 00152
190424 1656 2 2742353514 00192
190424 1656 2 2393511778 00205
190424 1658 2 3690229446 00183
190424 1658 4 5713740026 00175
190424 1700 2 3214223381 00188
190424 1703 2 2744845370 00079
190424 1706 2 3466658213 00186
190424 1706 4 2744845370 00079
190424 1707 2 3180611065 00152
190424 1707 2 4435111614 00164
190424 1710 4 2744845370 00079
190424 1713 4 3595204294 00193
190424 1714 1 2744845370 00079
190424 1714 2 2744845370 00079
190424 1722 4 5714746026 00201
190424 1725 2 3145645846 00198
190424 1726 2 2393511778 00205
190424 1727 1 0674051067 00004
190424 1728 2 0674051067 00004
190424 1729 2 3180611065 00152
190424 1729 2 2742353498 00146
190424 1730 1 0025842283 00158
190424 1730 2 0025842283 00158
190424 1730 1 1166545250 00208
190424 1730 2 1166545250 00208
190424 1737 4 0025842283 00158
190424 1737 1 4435111614 00164
190424 1738 2 4435111614 00164
190424 1739 1 3466748197 00150
190424 1739 2 3466748197 00150
190424 1744 1 4435111614 00164
190424 1745 1 2742353498 00146
190424 1745 2 2742353498 00146
190424 1749 4 0674051067 00004
190424 1749 1 0353805386 00904
190424 1750 2 0353805386 00904
190424 1752 4 5714746026 00201
190424 1757 1 3214223381 00188
190424 1758 1 2732830658 00207
190424 1758 2 3690229446 00183
190424 1759 4 3214505957 00202
190424 1759 1 3214223381 00188
190424 1800 1 3214223381 00188
190424 1801 1 2742353514 00192
190424 1801 2 2742353514 00192
190424 1802 2 3690229446 00183
190424 1802 4 0024646619 00169
190424 1803 2 3145645846 00198
190424 1803 2 0353805386 00904
190424 1804 3 0024646619 00169
190424 1805 1 2393511778 00205
190424 1805 2 2393511778 00205
190424 1808 1 2394843026 00210
190424 1808 2 2394843026 00210
190424 1809 1 3391149413 00181
190424 1810 2 0025842283 00158
190424 1812 1 3213553141 00195
190424 1812 1 2742353514 00192
190424 1812 2 3213553141 00195
190424 1812 1 2742353514 00192
190424 1813 2 1484663634 00166
190424 1816 3 5714746026 00201
190424 1824 2 2744845370 00079
190424 1827 4 3595204294 00193
190424 1828 2 3466733797 00190
190424 1830 2 2394843026 00210
190424 1830 1 2394843026 00210
190424 1831 1 3466748197 00150
190424 1832 2 3466658213 00186
190424 1832 4 5713740026 00175
190424 1835 2 5713740026 00175
190424 1836 2 2393511778 00205
190424 1836 1 3180611065 00152
190424 1837 3 3595204294 00193
190424 1838 4 5713740026 00175
190424 1840 1 3213553141 00195
190424 1843 2 1166545250 00208
190424 1843 1 1166545250 00208
190424 1847 1 3180300217 00153
190424 1848 2 3180300217 00153
190424 1849 1 2393511778 00205
190424 1851 1 2744845370 00079
190424 1851 2 2744845370 00079
190424 1852 1 6237865324 00032
190424 1852 2 6237865324 00032
190424 1855 1 3145645846 00198
190424 1856 1 3466658213 00186
190424 1856 1 2732830658 00207
190424 1856 2 6237865324 00032
190424 1856 1 3690229446 00183
190424 1856 1 2742353498 00146
190424 1858 1 3214017429 00180
190424 1907 1 0025842283 00158
190424 1907 2 0025842283 00158
190424 1907 1 2744845370 00079
190424 1908 2 2744845370 00079
190424 1912 1 3391149413 00181
190424 1913 1 6238034684 00171
190424 1923 1 3465808053 00177
190424 1925 4 0674051067 00004
190424 1932 1 0025842283 00158
190424 1936 1 6237865324 00032
190424 1937 2 6237865324 00032
190424 1944 1 2744845370 00079
190424 1952 1 6237865324 00032
190424 1952 2 6237865324 00032
190424 2011 4 3214505957 00202
190424 2014 3 3214505957 00202
190424 2017 1 6237865324 00032
