190419 0806 1 6237865324 00032
190419 0806 2 6237865324 00032
190419 0813 1 6237865324 00032
190419 0813 2 6237865324 00032
190419 0824 1 3214223381 00188
190419 0826 3 0024646619 00169
190419 0826 3 0024646619 00169
190419 0827 4 0674051067 00004
190419 0831 3 5714746026 00201
190419 0831 4 5714746026 00201
190419 0837 4 0024646619 00169
190419 0839 4 5714746026 00201
190419 0839 1 6355944412 00000
190419 0839 2 6355944412 00000
190419 0841 1 3214223381 00188
190419 0844 1 2744845370 00079
190419 0845 2 2744845370 00079
190419 0845 1 2742353514 00192
190419 0845 2 2742353514 00192
190419 0846 2 3214223381 00188
190419 0851 1 3465808053 00177
190419 0851 2 2744845370 00079
190419 0852 1 3690229446 00183
190419 0852 2 3690229446 00183
190419 0853 4 5714746026 00201
190419 0854 4 0674051067 00004
190419 0855 2 2742353514 00192
190419 0856 2 3465808053 00177
190419 0856 1 2394843026 00210
190419 0856 2 2394843026 00210
190419 0857 4 5714746026 00201
190419 0857 1 2742353498 00146
190419 0858 2 2742353498 00146
190419 0901 1 3213553141 00195
190419 0901 2 3213553141 00195
190419 0901 1 2742353498 00146
190419 0902 2 2742353498 00146
190419 0904 1 3213553141 00195
190419 0904 2 3213553141 00195
190419 0910 1 2732830658 00207
190419 0911 2 2732830658 00207
190419 0914 1 2732830658 00207
190419 0914 2 2732830658 00207
190419 0914 1 3213553141 00195
190419 0915 2 3213553141 00195
190419 0917 3 4285846892 00200
190419 0917 4 4285846892 00200
190419 0918 4 4285846892 00200
190419 0918 1 0025842283 00158
190419 0919 2 0025842283 00158
190419 0919 1 2393511778 00205
190419 0919 2 2393511778 00205
190419 0921 1 2393511778 00205
190419 0921 1 4435111614 00164
190419 0921 2 2393511778 00205
190419 0922 2 4435111614 00164
190419 0926 3 3595204294 00193
190419 0927 4 3595204294 00193
190419 0927 1 3145645846 00198
190419 0927 1 3391149413 00181
190419 0927 1 3391149413 00181
190419 0927 2 3145645846 00198
190419 0928 1 3180611065 00152
190419 0928 2 3180611065 00152
190419 0930 3 3214505957 00202
190419 0930 4 3214505957 00202
190419 0932 2 3214223381 00188
190419 0932 1 0025842283 00158
190419 0932 2 0025842283 00158
190419 0932 1 1166545250 00208
190419 0932 2 1166545250 00208
190419 0933 2 3214223381 00188
190419 0935 2 0674051067 00004
190419 0935 1 3466748197 00150
190419 0935 2 3466748197 00150
190419 0936 2 3145645846 00198
190419 0937 2 1166545250 00208
190419 0937 4 2742354762 00047
190419 0937 2 3690229446 00183
190419 0937 2 3214223381 00188
190419 0940 1 6238034684 00171
190419 0940 4 2742354762 00047
190419 0940 2 6238034684 00171
190419 0942 2 2393511778 00205
190419 0944 1 3214017429 00180
190419 0944 2 3214017429 00180
190419 0949 1 3466658213 00186
190419 0949 2 3466658213 00186
190419 0952 2 2742353498 00146
190419 0953 2 2742353514 00192
190419 0953 4 3214505957 00202
190419 0954 1 4286217980 00905
190419 0954 2 4286217980 00905
190419 0955 2 4286217980 00905
190419 0956 4 3595204294 00193
190419 0956 2 3465808053 00177
190419 0957 4 3214505957 00202
190419 1001 2 4286217980 00905
190419 1007 2 3466733797 00190
190419 1007 4 0674051067 00004
190419 1008 1 3180300217 00153
190419 1009 2 3180300217 00153
190419 1013 1 3690229446 00183
190419 1013 2 3690229446 00183
190419 1018 1 2732830658 00207
190419 1019 2 2732830658 00207
190419 1021 1 3145645846 00198
190419 1021 2 3145645846 00198
190419 1021 2 1484663634 00166
190419 1022 1 2394843026 00210
190419 1022 2 2394843026 00210
190419 1028 1 3180300217 00153
190419 1029 2 3180300217 00153
190419 1032 1 2742353514 00192
190419 1032 2 2742353514 00192
190419 1037 2 4286217980 00905
190419 1041 1 2742353514 00192
190419 1041 2 2742353514 00192
190419 1047 2 4435111614 00164
190419 1050 1 2732830658 00207
190419 1051 2 2732830658 00207
190419 1051 2 2394843026 00210
190419 1051 2 3180300217 00153
190419 1054 1 2394843026 00210
190419 1054 2 2394843026 00210
190419 1104 4 5714746026 00201
190419 1104 4 0024646619 00169
190419 1107 1 3466748197 00150
190419 1107 2 3466748197 00150
190419 1119 1 3690229446 00183
190419 1122 1 2742353514 00192
190419 1127 1 3213553141 00195
190419 1130 1 2394843026 00210
190419 1135 1 2393511778 00205
190419 1135 1 0674051067 00004
190419 1146 1 2742353514 00192
190419 1207 1 3213553141 00195
190419 1226 1 2394843026 00210
190419 1229 1 3465808053 00177
190419 1236 1 3180611065 00152
190419 1238 1 2744845370 00079
190419 1244 1 2744845370 00079
190419 1245 1 6237865324 00032
190419 1245 1 3466748197 00150
190419 1249 1 3465808053 00177
190419 1252 1 2394843026 00210
190419 1252 1 6237865324 00032
190419 1255 1 3466658213 00186
190419 1442 1 2742353498 00146
190419 1109 2 2744845370 00079
190419 1113 2 6355944412 00000
190419 1116 2 4286217980 00905
190419 1116 2 0025842283 00158
190419 1116 2 1166545250 00208
190419 1119 2 3690229446 00183
190419 1122 2 2742353514 00192
190419 1128 2 3213553141 00195
190419 1130 2 2394843026 00210
190419 1135 2 2393511778 00205
190419 1136 2 0674051067 00004
190419 1145 2 3180300217 00153
190419 1146 2 2742353514 00192
190419 1154 2 3145645846 00198
190419 1158 2 4435111614 00164
190419 1201 2 2732830658 00207
190419 1205 2 3180300217 00153
190419 1207 2 3213553141 00195
190419 1209 2 2394843026 00210
190419 1218 2 3466748197 00150
190419 1218 2 3465808053 00177
190419 1221 2 3391149413 00181
190419 1223 2 3145645846 00198
190419 1226 2 2394843026 00210
190419 1236 2 3180611065 00152
190419 1238 2 2744845370 00079
190419 1245 2 2744845370 00079
190419 1245 2 6237865324 00032
190419 1245 2 3466748197 00150
190419 1249 2 3465808053 00177
190419 1250 2 0025842283 00158
190419 1252 2 2394843026 00210
190419 1252 2 6237865324 00032
190419 1255 2 3466658213 00186
190419 1256 2 0025842283 00158
190419 1300 2 3690229446 00183
190419 1300 2 3466658213 00186
190419 1302 2 3145645846 00198
190419 1302 2 3180300217 00153
190419 1303 2 4286217980 00905
190419 1303 2 3145645846 00198
190419 1304 2 3466658213 00186
190419 1305 2 4435111614 00164
190419 1305 2 2393511778 00205
190419 1306 2 3391149413 00181
190419 1312 2 2742353498 00146
190419 1312 2 2742353498 00146
190419 1317 2 1484663634 00166
190419 1318 2 2742353514 00192
190419 1326 2 1166545250 00208
190419 1328 2 2742353514 00192
190419 1330 2 3214223381 00188
190419 1331 2 0025842283 00158
190419 1332 2 3145645846 00198
190419 1335 2 3145645846 00198
190419 1338 2 2394843026 00210
190419 1338 2 6355944412 00000
190419 1340 2 3214017429 00180
190419 1138 3 4285846892 00200
190419 1318 3 4285846892 00200
190419 1322 3 1166545250 00208
190419 1338 3 4285846892 00200
190419 1350 3 4286217980 00905
190419 1357 3 3690229446 00183
190419 1439 3 3214017429 00180
190419 1446 3 3690229446 00183
190419 1530 3 0024646619 00169
190419 1110 4 2742354762 00047
190419 1138 4 4285846892 00200
190419 1139 4 4285846892 00200
190419 1146 4 3595204294 00193
190419 1153 4 2742354762 00047
190419 1156 4 0674051067 00004
190419 1202 4 0024646619 00169
190419 1208 4 3214505957 00202
190419 1210 4 3214505957 00202
190419 1217 4 0674051067 00004
190419 1218 4 3595204294 00193
190419 1228 4 4285846892 00200
190419 1238 4 5714746026 00201
190419 1246 4 2742354762 00047
190419 1248 4 5714746026 00201
190419 1252 4 3214505957 00202
190419 1253 4 0674051067 00004
190419 1254 4 3214505957 00202
190419 1255 4 0024646619 00169
190419 1307 4 3595204294 00193
190419 1308 4 5714746026 00201
190419 1318 4 4285846892 00200
190419 1322 4 1166545250 00208
190419 1325 4 3214505957 00202
190419 1346 4 2742354762 00047
190419 1351 4 4286217980 00905
190419 1352 4 3214505957 00202
190419 1354 4 2742353498 00146
190419 1357 4 3466733797 00190
190419 1357 4 3690229446 00183
190419 1358 4 6237865324 00032
190419 1359 4 2744845370 00079
190419 1402 4 6238034684 00171
190419 1411 4 4435111614 00164
190419 1425 4 0024646619 00169
190419 1439 4 3214017429 00180
190419 1443 4 6237865324 00032
190419 1445 4 2742353498 00146
190419 1446 4 3690229446 00183
190419 1501 4 0024646619 00169
190419 1506 4 3595204294 00193
190419 1522 4 3690229446 00183
190419 1523 4 3391149413 00181
190419 1523 4 3466658213 00186
190419 1531 4 3145645846 00198
190419 1539 4 3145645846 00198
190419 1557 4 2742354762 00047
190419 1655 4 3214505957 00202
190419 1659 4 3595204294 00193
190419 1341 2 4435111614 00164
190419 1344 2 3145645846 00198
190419 1345 2 6237865324 00032
190419 1348 2 3466658213 00186
190419 1352 2 3180300217 00153
190419 1353 2 3466748197 00150
190419 1354 2 3391149413 00181
190419 1357 2 6238034684 00171
190419 1403 2 3180611065 00152
190419 1405 2 4435111614 00164
190419 1411 2 1166545250 00208
190419 1411 2 3214223381 00188
190419 1442 2 2394843026 00210
190419 1459 2 1484663634 00166
190419 1522 2 2744845370 00079
190419 1524 2 3391149413 00181
190419 1524 2 3180300217 00153
190419 1524 2 2394843026 00210
190419 1525 2 2732830658 00207
190419 1527 2 2393511778 00205
190419 1529 2 3466658213 00186
190419 1530 2 2732830658 00207
190419 1533 2 3466658213 00186
190419 1536 2 2742353514 00192
190419 1536 2 2394843026 00210
190419 1537 2 2742353514 00192
190419 1538 2 2742353514 00192
190419 1541 2 3145645846 00198
190419 1541 2 3466658213 00186
190419 1546 2 2744845370 00079
190419 1550 2 4435111614 00164
190419 1602 2 2393511778 00205
190419 1607 2 4286217980 00905
190419 1611 2 1166545250 00208
190419 1612 2 4286217980 00905
190419 1617 2 3466658213 00186
190419 1619 2 2732830658 00207
190419 1620 2 6237865324 00032
190419 1626 2 1484663634 00166
190419 1629 2 2393511778 00205
190419 1633 2 3466733797 00190
190419 1637 2 3690229446 00183
190419 1638 2 2742353498 00146
190419 1638 2 3391149413 00181
190419 1641 2 2732830658 00207
190419 1647 2 2742353498 00146
190419 1651 2 2742353514 00192
190419 1655 2 2742353514 00192
190419 1656 2 2744845370 00079
190419 1658 2 2732830658 00207
190419 1704 2 3214017429 00180
190419 1705 2 0025842283 00158
190419 1707 2 3145645846 00198
190419 1708 3 5714746026 00201
190419 1708 4 5714746026 00201
190419 1709 2 3214223381 00188
190419 1709 2 3180611065 00152
190419 1710 2 0025842283 00158
190419 1710 2 3466748197 00150
190419 1712 2 2394843026 00210
190419 1717 2 1166545250 00208
190419 1719 2 2744845370 00079
190419 1722 2 3180611065 00152
190419 1722 2 2742353498 00146
190419 1724 2 3180611065 00152
190419 1730 4 3214505957 00202
190419 1732 2 6237865324 00032
190419 1740 2 3180300217 00153
190419 1744 2 2742353498 00146
190419 1748 2 1484663634 00166
190419 1750 2 1484663634 00166
190419 1754 2 3690229446 00183
190419 1757 2 4286217980 00905
190419 1758 2 2394843026 00210
190419 1802 1 4286217980 00905
190419 1802 2 4286217980 00905
190419 1802 1 6237865324 00032
190419 1802 2 6237865324 00032
190419 1805 1 3214223381 00188
190419 1806 1 3180300217 00153
190419 1808 1 3465808053 00177
190419 1808 2 3465808053 00177
190419 1810 1 3180300217 00153
190419 1810 2 3180300217 00153
190419 1811 2 3466658213 00186
190419 1812 2 2742353514 00192
190419 1813 2 2732830658 00207
190419 1813 3 5714746026 00201
190419 1815 1 2742353514 00192
190419 1815 2 2742353514 00192
190419 1815 2 3180611065 00152
190419 1816 2 3180611065 00152
190419 1818 1 2742353514 00192
190419 1818 2 2742353514 00192
190419 1819 1 2742353514 00192
190419 1822 1 2732830658 00207
190419 1823 2 2732830658 00207
190419 1824 1 3180611065 00152
190419 1825 2 1166545250 00208
190419 1827 2 2744845370 00079
190419 1828 1 2744845370 00079
190419 1829 2 1166545250 00208
190419 1830 2 2393511778 00205
190419 1832 2 3690229446 00183
190419 1833 2 2394843026 00210
190419 1842 2 4435111614 00164
190419 1846 1 3465808053 00177
190419 1847 1 2393511778 00205
190419 1848 2 2393511778 00205
190419 1849 2 1166545250 00208
190419 1849 1 1166545250 00208
190419 1850 1 2393511778 00205
190419 1851 1 3466733797 00190
190419 1851 2 3466733797 00190
190419 1852 1 1484663634 00166
190419 1852 1 4435111614 00164
190419 1852 2 1484663634 00166
190419 1858 1 3466748197 00150
190419 1859 2 3466748197 00150
190419 1902 2 1484663634 00166
190419 1902 1 3214017429 00180
190419 1903 2 3214017429 00180
190419 1903 1 2732830658 00207
190419 1906 1 3466658213 00186
190419 1907 2 3391149413 00181
190419 1909 2 1484663634 00166
190419 1911 2 3145645846 00198
190419 1912 2 2742353498 00146
190419 1915 1 3690229446 00183
190419 1915 2 3466733797 00190
190419 1915 1 3391149413 00181
190419 1915 1 2742353498 00146
190419 1915 1 6238034684 00171
190419 1915 2 3214017429 00180
190419 1915 1 3466748197 00150
190419 1915 1 3145645846 00198
190419 1915 1 3214017429 00180
190419 1916 4 3214505957 00202
190419 1918 1 6237865324 00032
190419 1918 4 3595204294 00193
190419 1918 2 6237865324 00032
190419 1920 4 3214505957 00202
190419 1930 3 3595204294 00193
190419 1930 3 3214505957 00202
190419 1935 1 0025842283 00158
190419 1935 2 0025842283 00158
190419 1938 1 0025842283 00158
190419 2014 1 6237865324 00032
