190411 0759 1 6237865324 00032
190411 0759 2 6237865324 00032
190411 0805 1 6237865324 00032
190411 0806 2 6237865324 00032
190411 0820 3 0024646619 00169
190411 0820 3 0024646619 00169
190411 0822 4 0024646619 00169
190411 0824 3 5714746026 00201
190411 0824 3 5714746026 00201
190411 0824 4 5714746026 00201
190411 0830 4 5714746026 00201
190411 0832 4 0024646619 00169
190411 0849 1 2394843026 00210
190411 0849 2 2394843026 00210
190411 0851 1 3213553141 00195
190411 0851 1 2742353498 00146
190411 0852 2 3213553141 00195
190411 0855 2 3213553141 00195
190411 0855 1 2744845370 00079
190411 0855 2 2744845370 00079
190411 0856 2 2742353498 00146
190411 0857 1 3145526534 00199
190411 0857 2 3145526534 00199
190411 0900 2 2394843026 00210
190411 0902 2 2744845370 00079
190411 0902 2 3465808053 00177
190411 0907 2 2732830658 00207
190411 0909 2 2732830658 00207
190411 0913 1 2393511778 00205
190411 0914 2 2393511778 00205
190411 0917 1 4435111614 00164
190411 0917 1 4435111614 00164
190411 0917 2 4435111614 00164
190411 0919 2 0025842283 00158
190411 0920 2 2393511778 00205
190411 0920 1 3214223381 00188
190411 0921 1 1166545250 00208
190411 0921 2 1166545250 00208
190411 0922 2 3145526534 00199
190411 0922 4 0024646619 00169
190411 0924 1 3690229446 00183
190411 0924 2 3690229446 00183
190411 0926 2 2742353498 00146
190411 0929 3 3595204294 00193
190411 0929 4 3595204294 00193
190411 0930 2 3214223381 00188
190411 0931 2 4435111614 00164
190411 0932 4 3214505957 00202
190411 0932 2 3466748197 00150
190411 0932 3 3214505957 00202
190411 0932 1 3180611065 00152
190411 0933 2 3180611065 00152
190411 0934 4 3214505957 00202
190411 0934 2 2393511778 00205
190411 0936 3 4285846892 00200
190411 0936 4 0024646619 00169
190411 0936 4 4285846892 00200
190411 0937 1 3145645846 00198
190411 0938 2 3145645846 00198
190411 0940 2 3466748197 00150
190411 0940 4 0674051067 00004
190411 0941 1 3214017429 00180
190411 0942 2 3214017429 00180
190411 0944 2 3214223381 00188
190411 0945 2 3145645846 00198
190411 0946 2 3690229446 00183
190411 0949 4 3595204294 00193
190411 0949 1 3213553141 00195
190411 0949 2 3213553141 00195
190411 0952 1 2394843026 00210
190411 0952 2 2394843026 00210
190411 0956 1 6238034684 00171
190411 0957 2 6238034684 00171
190411 1002 4 3595204294 00193
190411 1003 1 3391149413 00181
190411 1003 2 3466733797 00190
190411 1004 2 0025842283 00158
190411 1005 1 3180300217 00153
190411 1005 2 3180300217 00153
190411 1005 1 4285846892 00200
190411 1006 2 4285846892 00200
190411 1007 1 1484663634 00166
190411 1008 2 1484663634 00166
190411 1008 1 4435111614 00164
190411 1009 2 4435111614 00164
190411 1015 1 3466658213 00186
190411 1016 2 3466658213 00186
190411 1018 1 4286217980 00905
190411 1018 2 4286217980 00905
190411 1021 1 3145526534 00199
190411 1022 2 3145526534 00199
190411 1022 1 3408463525 00184
190411 1023 2 3408463525 00184
190411 1024 1 2732830658 00207
190411 1024 2 2732830658 00207
190411 1028 1 4286217980 00905
190411 1029 2 4286217980 00905
190411 1034 1 1484663634 00166
190411 1035 2 1484663634 00166
190411 1035 1 6237865324 00032
190411 1036 2 6237865324 00032
190411 1043 4 3214505957 00202
190411 1044 1 3690229446 00183
190411 1044 1 1166545250 00208
190411 1045 2 3180300217 00153
190411 1045 2 3180300217 00153
190411 1046 1 3180300217 00153
190411 1046 2 3180300217 00153
190411 1048 2 3408463525 00184
190411 1049 3 4285846892 00200
190411 1049 4 4285846892 00200
190411 1056 1 3466748197 00150
190411 1056 2 3466748197 00150
190411 1058 4 0024646619 00169
190411 1058 2 4435111614 00164
190411 1059 1 2393511778 00205
190411 1059 2 2393511778 00205
190411 1101 1 2744845370 00079
190411 1102 2 2744845370 00079
190411 1104 3 4285846892 00200
190411 1104 1 2742353498 00146
190411 1105 2 2742353498 00146
190411 1105 1 3690229446 00183
190411 1105 2 3690229446 00183
190411 1108 1 2394843026 00210
190411 1108 2 2394843026 00210
190411 1108 1 3214017429 00180
190411 1108 2 3214017429 00180
190411 1109 1 2732830658 00207
190411 1110 2 2732830658 00207
190411 1120 1 3145526534 00199
190411 1121 2 3145526534 00199
190411 1123 1 4435111614 00164
190411 1124 2 4435111614 00164
190411 1126 1 3145645846 00198
190411 1126 2 3145645846 00198
190411 1129 1 3466658213 00186
190411 1130 2 3466658213 00186
190411 1130 4 0674051067 00004
190411 1131 2 3180300217 00153
190411 1132 2 3214223381 00188
190411 1133 4 3214505957 00202
190411 1137 4 5714746026 00201
190411 1139 4 5714746026 00201
190411 1139 1 3213553141 00195
190411 1139 2 3213553141 00195
190411 1140 1 4286217980 00905
190411 1140 2 4286217980 00905
190411 1143 2 4286217980 00905
190411 1144 1 4435111614 00164
190411 1144 2 4435111614 00164
190411 1145 2 2393511778 00205
190411 1145 1 1166545250 00208
190411 1145 2 1166545250 00208
190411 1146 2 6237865324 00032
190411 1147 1 2394843026 00210
190411 1147 2 4286217980 00905
190411 1147 1 2744845370 00079
190411 1148 2 2744845370 00079
190411 1149 1 2732830658 00207
190411 1150 2 2732830658 00207
190411 1151 1 4286217980 00905
190411 1151 2 4286217980 00905
190411 1154 4 3214505957 00202
190411 1157 2 3465808053 00177
190411 1158 2 0025842283 00158
190411 1158 1 1484663634 00166
190411 1159 2 1484663634 00166
190411 1200 4 0024646619 00169
190411 1220 4 3595204294 00193
190411 1223 4 3595204294 00193
190411 1306 4 3595204294 00193
190411 1324 1 3690229446 00183
190411 1325 2 2732830658 00207
190411 1327 1 2732830658 00207
190411 1327 2 2732830658 00207
190411 1328 1 2393511778 00205
190411 1328 2 2393511778 00205
190411 1329 4 0024646619 00169
190411 1331 1 2393511778 00205
190411 1331 3 3214505957 00202
190411 1332 2 2393511778 00205
190411 1332 4 3214505957 00202
190411 1334 4 0674051067 00004
190411 1334 1 3466733797 00190
190411 1334 2 3466733797 00190
190411 1334 4 3214505957 00202
190411 1334 1 3145645846 00198
190411 1335 2 3145645846 00198
190411 1335 2 3408463525 00184
190411 1336 2 3213553141 00195
190411 1336 2 3180300217 00153
190411 1336 2 4286217980 00905
190411 1337 4 3214223381 00188
190411 1337 2 0025842283 00158
190411 1337 2 3466658213 00186
190411 1337 2 2744845370 00079
190411 1340 2 1484663634 00166
190411 1340 1 3145526534 00199
190411 1340 2 3145526534 00199
190411 1340 2 6238034684 00171
190411 1342 1 6237865324 00032
190411 1342 2 6237865324 00032
190411 1342 1 3466748197 00150
190411 1342 2 3466748197 00150
190411 1343 1 3145645846 00198
190411 1344 2 3145645846 00198
190411 1344 1 1166545250 00208
190411 1344 2 1166545250 00208
190411 1345 1 3180300217 00153
190411 1345 2 3180300217 00153
190411 1346 1 3214017429 00180
190411 1346 2 3214017429 00180
190411 1346 1 3466748197 00150
190411 1347 2 3466748197 00150
190411 1349 1 3213553141 00195
190411 1349 2 3213553141 00195
190411 1350 2 4286217980 00905
190411 1351 4 3595204294 00193
190411 1353 1 3214505957 00202
190411 1354 2 3214505957 00202
190411 1355 2 2394843026 00210
190411 1357 4 3214505957 00202
190411 1401 1 1484663634 00166
190411 1401 2 1484663634 00166
190411 1401 1 3180611065 00152
190411 1402 2 3180611065 00152
190411 1405 1 3408463525 00184
190411 1406 2 3408463525 00184
190411 1413 1 4286217980 00905
190411 1413 2 4286217980 00905
190411 1421 1 3214223381 00188
190411 1423 1 0025842283 00158
190411 1423 2 0025842283 00158
190411 1429 4 5714746026 00201
190411 1433 4 0024646619 00169
190411 1433 4 5714746026 00201
190411 1434 1 3180611065 00152
190411 1435 2 3180611065 00152
190411 1435 2 2742353498 00146
190411 1445 1 2742353498 00146
190411 1447 2 2742353498 00146
190411 1448 1 3690229446 00183
190411 1450 2 3466748197 00150
190411 1451 1 4435111614 00164
190411 1456 1 6237865324 00032
190411 1457 1 2742353498 00146
190411 1458 2 2742353498 00146
190411 1501 1 3145645846 00198
190411 1502 2 3145645846 00198
190411 1502 1 3466733797 00190
190411 1502 3 1484663634 00166
190411 1503 4 1484663634 00166
190411 1505 1 1166545250 00208
190411 1506 2 1166545250 00208
190411 1506 1 1484663634 00166
190411 1507 2 1484663634 00166
190411 1509 1 3214017429 00180
190411 1510 2 3214017429 00180
190411 1515 4 3214505957 00202
190411 1516 1 3145645846 00198
190411 1517 2 3145645846 00198
190411 1519 1 3466658213 00186
190411 1520 2 3466658213 00186
190411 1520 1 3408463525 00184
190411 1521 2 3408463525 00184
190411 1532 2 4435111614 00164
190411 1535 2 3466733797 00190
190411 1540 1 2744845370 00079
190411 1540 2 2744845370 00079
190411 1552 2 3690229446 00183
190411 1553 1 3214017429 00180
190411 1553 2 3214017429 00180
190411 1555 1 6237865324 00032
190411 1556 2 6237865324 00032
190411 1602 1 2393511778 00205
190411 1603 2 2393511778 00205
190411 1605 1 1166545250 00208
190411 1605 2 1166545250 00208
190411 1605 1 3466748197 00150
190411 1606 2 3466748197 00150
190411 1608 1 3213553141 00195
190411 1608 2 3213553141 00195
190411 1609 1 3408463525 00184
190411 1609 2 2742353498 00146
190411 1617 4 0674051067 00004
190411 1620 4 3595204294 00193
190411 1621 2 0025842283 00158
190411 1621 2 3145645846 00198
190411 1622 1 2394843026 00210
190411 1622 2 2394843026 00210
190411 1623 2 3391149413 00181
190411 1624 1 3145526534 00199
190411 1624 2 3145526534 00199
190411 1629 1 3465808053 00177
190411 1630 2 3465808053 00177
190411 1630 1 3214223381 00188
190411 1635 4 3214505957 00202
190411 1638 4 3145645846 00198
190411 1642 1 3690229446 00183
190411 1642 2 3690229446 00183
190411 1643 1 3145645846 00198
190411 1643 2 2393511778 00205
190411 1644 1 1484663634 00166
190411 1645 2 1484663634 00166
190411 1645 4 0024646619 00169
190411 1646 1 2732830658 00207
190411 1646 2 2732830658 00207
190411 1646 1 3214505957 00202
190411 1648 1 1484663634 00166
190411 1648 2 1484663634 00166
190411 1650 1 3180300217 00153
190411 1650 4 3595204294 00193
190411 1650 2 3180300217 00153
190411 1651 4 0674051067 00004
190411 1654 2 0353805386 00904
190411 1655 4 5714746026 00201
190411 1655 1 3180611065 00152
190411 1655 2 3180611065 00152
190411 1657 4 3214505957 00202
190411 1700 4 3214505957 00202
190411 1700 1 3408463525 00184
190411 1701 2 3408463525 00184
190411 1701 1 1166545250 00208
190411 1702 2 1166545250 00208
190411 1702 4 0024646619 00169
190411 1702 1 0353805386 00904
190411 1702 2 0353805386 00904
190411 1704 1 3214017429 00180
190411 1705 2 3214017429 00180
190411 1707 1 3145645846 00198
190411 1708 2 3145645846 00198
190411 1710 1 3213553141 00195
190411 1710 2 3213553141 00195
190411 1714 1 2394843026 00210
190411 1714 2 2394843026 00210
190411 1723 1 3180611065 00152
190411 1723 2 3180611065 00152
190411 1724 1 0025842283 00158
190411 1724 2 0025842283 00158
190411 1726 4 3595204294 00193
190411 1726 1 4286217980 00905
190411 1726 2 3180300217 00153
190411 1728 2 4286217980 00905
190411 1730 2 2742353498 00146
190411 1731 1 2744845370 00079
190411 1732 2 2744845370 00079
190411 1734 1 2393511778 00205
190411 1735 2 2393511778 00205
190411 1737 2 3214223381 00188
190411 1738 2 3214223381 00188
190411 1738 2 3214223381 00188
190411 1739 1 3595204294 00193
190411 1740 2 3595204294 00193
190411 1740 1 3690229446 00183
190411 1741 1 1484663634 00166
190411 1741 2 2744845370 00079
190411 1741 2 2742353498 00146
190411 1741 2 1484663634 00166
190411 1744 4 3595204294 00193
190411 1747 2 2742353498 00146
190411 1750 2 3690229446 00183
190411 1750 4 3214505957 00202
190411 1752 1 3214017429 00180
190411 1752 2 6238034684 00171
190411 1752 1 3214223381 00188
190411 1756 2 1166545250 00208
190411 1757 4 0024646619 00169
190411 1758 2 3214017429 00180
190411 1800 1 5714746026 00201
190411 1801 2 3466748197 00150
190411 1801 3 0024646619 00169
190411 1801 2 4435111614 00164
190411 1801 2 3145526534 00199
190411 1802 3 4285846892 00200
190411 1802 2 3180611065 00152
190411 1803 4 4285846892 00200
190411 1804 2 2394843026 00210
190411 1805 2 3180611065 00152
190411 1805 1 2742353498 00146
190411 1806 2 2393511778 00205
190411 1806 2 3466658213 00186
190411 1806 2 3145645846 00198
190411 1806 2 3690229446 00183
190411 1808 2 2393511778 00205
190411 1810 1 1484663634 00166
190411 1810 2 1484663634 00166
190411 1812 1 3466658213 00186
190411 1812 2 3466658213 00186
190411 1814 1 4435111614 00164
190411 1814 2 4435111614 00164
190411 1814 1 1166545250 00208
190411 1814 1 3145526534 00199
190411 1817 1 3408463525 00184
190411 1817 2 3408463525 00184
190411 1820 4 3214505957 00202
190411 1821 1 3213553141 00195
190411 1823 2 0353805386 00904
190411 1824 2 3180611065 00152
190411 1824 1 3466658213 00186
190411 1825 2 3466658213 00186
190411 1827 1 0353805386 00904
190411 1827 2 0353805386 00904
190411 1828 1 3465808053 00177
190411 1828 1 5714746026 00201
190411 1828 2 3408463525 00184
190411 1828 1 2744845370 00079
190411 1828 1 1166545250 00208
190411 1829 1 2744845370 00079
190411 1829 1 3180611065 00152
190411 1832 1 4285846892 00200
190411 1833 1 4435111614 00164
190411 1834 1 3466658213 00186
190411 1834 2 3466658213 00186
190411 1838 1 6237865324 00032
190411 1839 2 6237865324 00032
190411 1839 1 3408463525 00184
190411 1840 2 3408463525 00184
190411 1846 1 2393511778 00205
190411 1846 2 2393511778 00205
190411 1846 1 2394843026 00210
190411 1847 2 3391149413 00181
190411 1850 1 2393511778 00205
190411 1850 2 2393511778 00205
190411 1851 4 3595204294 00193
190411 1855 2 3466733797 00190
190411 1855 3 3595204294 00193
190411 1855 1 3145645846 00198
190411 1855 2 3180300217 00153
190411 1857 4 0674051067 00004
190411 1857 1 3408463525 00184
190411 1857 2 3408463525 00184
190411 1859 1 2394843026 00210
190411 1900 2 2394843026 00210
190411 1902 1 3466658213 00186
190411 1906 1 6237865324 00032
190411 1906 2 6237865324 00032
190411 1911 2 1484663634 00166
190411 1920 1 0353805386 00904
190411 1921 2 6237865324 00032
190411 1923 2 2394843026 00210
190411 1925 1 3391149413 00181
190411 1925 1 2393511778 00205
190411 1925 2 1484663634 00166
190411 1925 1 3145645846 00198
190411 1925 1 6237865324 00032
190411 1925 1 3180300217 00153
190411 1927 2 3465808053 00177
190411 1928 2 3214017429 00180
190411 1932 1 3690229446 00183
190411 1932 1 2732830658 00207
190411 1937 4 3214505957 00202
190411 1938 3 3214505957 00202
190411 1941 4 3214505957 00202
190411 1956 1 4285846892 00200
190411 2020 1 0353805386 00904
190411 2022 1 1484663634 00166
190411 2022 2 1484663634 00166
190411 2032 1 3180611065 00152
190411 2032 2 3180611065 00152
190411 2101 1 1484663634 00166
190411 2102 2 1484663634 00166
190411 2110 1 1484663634 00166
190411 2110 1 3214017429 00180
190411 2111 1 3214017429 00180
190411 2129 1 4285846892 00200
190411 2130 2 6238034684 00171
190411 2131 4 5714746026 00201
190411 2131 2 0353805386 00904
190411 2131 3 5714746026 00201
190411 2132 3 4285846892 00200
190411 2132 2 0025842283 00158
190411 2132 4 4285846892 00200
190411 2132 1 3466748197 00150
190411 2132 1 3180611065 00152
190411 2133 1 6238034684 00171
190411 2134 2 3466748197 00150
190411 2134 3 4285846892 00200
190411 2136 1 0025842283 00158
190411 2137 1 0025842283 00158
190411 2137 2 0025842283 00158
190411 2139 1 3466748197 00150
