190311 0807 1 6237865324 00032
190311 0808 2 6237865324 00032
190311 0812 1 6237865324 00032
190311 0813 2 6237865324 00032
190311 0822 1 6355944412 00000
190311 0822 2 6355944412 00000
190311 0822 3 0024646619 00169
190311 0823 3 0024646619 00169
190311 0825 1 6355944412 00000
190311 0826 2 6355944412 00000
190311 0831 4 0024646619 00169
190311 0835 1 5714746026 00201
190311 0835 2 5714746026 00201
190311 0838 3 5714746026 00201
190311 0838 4 5714746026 00201
190311 0839 1 3145526534 00199
190311 0839 2 3145526534 00199
190311 0845 1 3145526534 00199
190311 0846 2 3145526534 00199
190311 0857 4 5714746026 00201
190311 0904 1 2742353498 00146
190311 0904 2 2742353498 00146
190311 0910 1 3465808053 00177
190311 0910 2 3465808053 00177
190311 0910 1 2393511778 00205
190311 0910 2 2393511778 00205
190311 0912 1 3690229446 00183
190311 0912 2 3690229446 00183
190311 0913 1 0025842283 00158
190311 0913 2 2393511778 00205
190311 0913 4 5714746026 00201
190311 0914 2 2742353498 00146
190311 0915 3 3595204294 00193
190311 0916 1 3213553141 00195
190311 0916 4 3595204294 00193
190311 0916 2 3213553141 00195
190311 0919 2 3391149413 00181
190311 0920 2 3213553141 00195
190311 0922 1 3466748197 00150
190311 0923 2 3466748197 00150
190311 0923 3 4285846892 00200
190311 0923 4 4285846892 00200
190311 0924 1 3214223381 00188
190311 0925 4 3595204294 00193
190311 0925 4 4285846892 00200
190311 0926 2 3690229446 00183
190311 0927 2 0025842283 00158
190311 0928 1 3145645846 00198
190311 0928 2 3145645846 00198
190311 0928 1 2742353514 00192
190311 0929 2 2742353514 00192
190311 0931 3 3214505957 00202
190311 0931 4 3214505957 00202
190311 0932 1 3180611065 00152
190311 0932 1 3214017429 00180
190311 0933 2 3180611065 00152
190311 0935 2 2742353514 00192
190311 0936 2 3214223381 00188
190311 0937 2 2394843026 00210
190311 0937 2 3180611065 00152
190311 0937 4 3214505957 00202
190311 0937 2 3214223381 00188
190311 0938 2 6355944412 00000
190311 0941 1 2744845370 00079
190311 0941 2 2744845370 00079
190311 0941 4 4285846892 00200
190311 0942 2 3145645846 00198
190311 0943 1 3408463525 00184
190311 0943 2 3408463525 00184
190311 0946 2 3145645846 00198
190311 0946 4 0674051067 00004
190311 0946 1 6238034684 00171
190311 0947 2 6238034684 00171
190311 0947 2 3690229446 00183
190311 0948 4 3214505957 00202
190311 0948 1 3466658213 00186
190311 0948 2 3466658213 00186
190311 0948 4 0024646619 00169
190311 0948 2 3465808053 00177
190311 0949 2 3214223381 00188
190311 0951 2 2744845370 00079
190311 0954 1 3180300217 00153
190311 0954 2 3180300217 00153
190311 0954 1 3466658213 00186
190311 0955 2 3466658213 00186
190311 0955 1 3466733797 00190
190311 0955 3 4285846892 00200
190311 0956 2 3466733797 00190
190311 0956 4 4285846892 00200
190311 1006 1 3180300217 00153
190311 1006 2 3180300217 00153
190311 1007 4 2742354762 00047
190311 1009 1 3690229446 00183
190311 1009 2 3690229446 00183
190311 1011 4 2742354762 00047
190311 1011 2 3214223381 00188
190311 1013 2 3145526534 00199
190311 1013 4 5713740026 00175
190311 1015 2 0025842283 00158
190311 1016 2 6237865324 00032
190311 1018 2 4286217980 00905
190311 1018 2 3180300217 00153
190311 1019 2 3145526534 00199
190311 1027 2 6355944412 00000
190311 1031 2 2393511778 00205
190311 1031 2 3466748197 00150
190311 1033 2 3145645846 00198
190311 1038 4 0674051067 00004
190311 1039 2 3213553141 00195
190311 1046 4 6237865324 00032
190311 1049 2 3466658213 00186
190311 1051 4 3214505957 00202
190311 1054 2 3408463525 00184
190311 1056 2 2394843026 00210
190311 1103 2 3180611065 00152
190311 1104 4 3595204294 00193
190311 1105 1 3214223381 00188
190311 1106 4 0024646619 00169
190311 1106 2 3214223381 00188
190311 1108 4 3214223381 00188
190311 1108 2 0025842283 00158
190311 1111 1 3214223381 00188
190311 1111 2 2393511778 00205
190311 1113 2 3214223381 00188
190311 1120 1 5713740026 00175
190311 1121 2 5713740026 00175
190311 1122 4 3214223381 00188
190311 1124 1 3214223381 00188
190311 1125 2 5713740026 00175
190311 1129 4 2742354762 00047
190311 1130 1 2742353498 00146
190311 1130 2 2742353498 00146
190311 1134 2 4286217980 00905
190311 1134 1 3408463525 00184
190311 1134 2 3408463525 00184
190311 1135 1 3145526534 00199
190311 1142 1 5713740026 00175
190311 1142 2 5713740026 00175
190311 1143 1 6237865324 00032
190311 1143 2 6237865324 00032
190311 1145 1 0674051067 00004
190311 1146 2 0674051067 00004
190311 1146 1 3213553141 00195
190311 1146 2 3213553141 00195
190311 1147 2 3145645846 00198
190311 1149 2 2742353498 00146
190311 1149 4 0674051067 00004
190311 1151 1 2393511778 00205
190311 1152 2 2393511778 00205
190311 1155 2 3466658213 00186
190311 1156 4 3214505957 00202
190311 1156 4 0024646619 00169
190311 1157 1 3145645846 00198
190311 1158 2 3145645846 00198
190311 1158 1 2744845370 00079
190311 1158 2 2744845370 00079
190311 1159 1 2394843026 00210
190311 1159 2 2394843026 00210
190311 1200 2 4286217980 00905
190311 1202 2 3214017429 00180
190311 1203 2 2742353498 00146
190311 1203 4 3214505957 00202
190311 1204 1 5714746026 00201
190311 1204 2 5714746026 00201
190311 1204 1 4286217980 00905
190311 1204 1 5713740026 00175
190311 1205 1 3690229446 00183
190311 1205 2 3690229446 00183
190311 1207 2 3213553141 00195
190311 1209 1 2744845370 00079
190311 1209 2 2744845370 00079
190311 1213 2 3690229446 00183
190311 1213 4 5714746026 00201
190311 1215 1 3466733797 00190
190311 1215 4 0024646619 00169
190311 1215 2 3466733797 00190
190311 1216 1 2742353498 00146
190311 1217 2 2742353498 00146
190311 1219 2 3214223381 00188
190311 1220 2 3180300217 00153
190311 1221 2 0025842283 00158
190311 1222 2 3214223381 00188
190311 1223 4 3595204294 00193
190311 1225 2 2393511778 00205
190311 1225 2 6237865324 00032
190311 1226 4 2742354762 00047
190311 1230 4 5714746026 00201
190311 1230 2 6237865324 00032
190311 1231 2 3214223381 00188
190311 1233 2 3466733797 00190
190311 1235 2 6355944412 00000
190311 1236 2 3690229446 00183
190311 1239 4 5714746026 00201
190311 1243 2 3213553141 00195
190311 1246 2 3214017429 00180
190311 1251 2 3213553141 00195
190311 1253 2 0025842283 00158
190311 1255 2 2742353514 00192
190311 1255 2 3690229446 00183
190311 1256 2 3391149413 00181
190311 1256 2 3690229446 00183
190311 1257 2 5713740026 00175
190311 1258 2 3465808053 00177
190311 1300 2 0025842283 00158
190311 1300 2 2742353514 00192
190311 1300 2 4286217980 00905
190311 1300 2 3145526534 00199
190311 1302 2 3180611065 00152
190311 1302 4 3595204294 00193
190311 1303 2 3180300217 00153
190311 1303 4 0674051067 00004
190311 1305 4 5713740026 00175
190311 1307 3 4286217980 00905
190311 1308 4 4286217980 00905
190311 1308 4 5713740026 00175
190311 1308 2 2742353498 00146
190311 1310 2 2742353514 00192
190311 1310 2 3180300217 00153
190311 1313 2 3180300217 00153
190311 1313 1 3145526534 00199
190311 1313 2 3145526534 00199
190311 1314 1 2744845370 00079
190311 1314 2 2744845370 00079
190311 1319 1 6238034684 00171
190311 1319 2 6238034684 00171
190311 1329 1 2742353514 00192
190311 1329 2 2742353514 00192
190311 1331 1 3690229446 00183
190311 1331 2 3690229446 00183
190311 1332 2 0025842283 00158
190311 1333 1 3466748197 00150
190311 1333 2 3466748197 00150
190311 1333 1 2394843026 00210
190311 1333 2 3466658213 00186
190311 1335 4 3595204294 00193
190311 1336 1 3408463525 00184
190311 1336 2 3408463525 00184
190311 1337 1 6355944412 00000
190311 1337 2 6355944412 00000
190311 1338 2 3145645846 00198
190311 1340 4 3214505957 00202
190311 1342 1 3213553141 00195
190311 1342 2 3213553141 00195
190311 1344 2 3214223381 00188
190311 1345 1 2394843026 00210
190311 1345 2 2394843026 00210
190311 1346 4 0024646619 00169
190311 1357 2 0025842283 00158
190311 1400 2 3180611065 00152
190311 1402 2 4286217980 00905
190311 1402 2 0025842283 00158
190311 1403 2 3214223381 00188
190311 1403 4 2742354762 00047
190311 1403 2 3145645846 00198
190311 1404 2 4286217980 00905
190311 1405 2 3466748197 00150
190311 1409 2 4286217980 00905
190311 1409 2 4286217980 00905
190311 1410 1 6355944412 00000
190311 1411 2 6355944412 00000
190311 1416 4 5713740026 00175
190311 1420 2 3214017429 00180
190311 1422 1 3466658213 00186
190311 1422 2 3466658213 00186
190311 1425 2 3214223381 00188
190311 1427 2 3465808053 00177
190311 1430 1 2393511778 00205
190311 1430 2 2393511778 00205
190311 1430 1 6237865324 00032
190311 1430 2 6237865324 00032
190311 1432 4 3214505957 00202
190311 1434 1 3465808053 00177
190311 1434 1 3214017429 00180
190311 1434 2 3214017429 00180
190311 1436 2 0674051067 00004
190311 1438 2 3145645846 00198
190311 1440 2 3214223381 00188
190311 1444 2 0674051067 00004
190311 1444 1 3214223381 00188
190311 1446 4 3214505957 00202
190311 1447 4 0674051067 00004
190311 1450 4 3214505957 00202
190311 1452 2 3214017429 00180
190311 1453 1 3213553141 00195
190311 1453 2 3213553141 00195
190311 1456 2 3214017429 00180
190311 1456 2 3145645846 00198
190311 1458 1 2742353514 00192
190311 1458 2 2742353514 00192
190311 1500 1 2744845370 00079
190311 1500 2 2744845370 00079
190311 1501 2 3180611065 00152
190311 1501 1 4286217980 00905
190311 1502 2 4286217980 00905
190311 1507 1 3145645846 00198
190311 1507 2 3145645846 00198
190311 1508 2 3214223381 00188
190311 1515 4 3145645846 00198
190311 1520 1 3690229446 00183
190311 1520 2 3690229446 00183
190311 1524 1 3145645846 00198
190311 1524 2 3145645846 00198
190311 1527 4 3595204294 00193
190311 1528 4 5713740026 00175
190311 1531 1 0025842283 00158
190311 1533 1 3214223381 00188
190311 1533 4 5713740026 00175
190311 1534 2 3214223381 00188
190311 1536 1 3214017429 00180
190311 1536 2 3214017429 00180
190311 1537 2 4286217980 00905
190311 1539 2 3466748197 00150
190311 1539 1 2393511778 00205
190311 1539 2 2393511778 00205
190311 1540 1 3466748197 00150
190311 1541 1 6237865324 00032
190311 1542 2 6237865324 00032
190311 1543 4 3214505957 00202
190311 1546 1 2742353514 00192
190311 1546 2 2742353514 00192
190311 1547 4 2742354762 00047
190311 1555 1 3408463525 00184
190311 1557 2 3214223381 00188
190311 1558 2 3466748197 00150
190311 1601 3 4285846892 00200
190311 1601 4 4285846892 00200
190311 1601 1 3466748197 00150
190311 1608 3 4286217980 00905
190311 1608 4 4286217980 00905
190311 1608 1 3213553141 00195
190311 1608 2 3213553141 00195
190311 1609 2 3466748197 00150
190311 1611 1 4286217980 00905
190311 1611 2 4286217980 00905
190311 1613 1 2742353498 00146
190311 1613 2 2742353498 00146
190311 1613 1 3466658213 00186
190311 1613 2 3466658213 00186
190311 1615 1 5713740026 00175
190311 1616 2 5713740026 00175
190311 1621 4 0024646619 00169
190311 1621 4 5713740026 00175
190311 1621 1 2393511778 00205
190311 1621 2 2393511778 00205
190311 1622 2 4286217980 00905
190311 1622 1 2394843026 00210
190311 1623 2 2394843026 00210
190311 1623 2 3466748197 00150
190311 1624 4 4285846892 00200
190311 1624 1 5713740026 00175
190311 1625 1 3180300217 00153
190311 1625 2 3180300217 00153
190311 1626 2 3214223381 00188
190311 1628 4 5713740026 00175
190311 1630 1 3408463525 00184
190311 1630 2 3408463525 00184
190311 1631 2 3391149413 00181
190311 1634 3 2742353498 00146
190311 1634 4 2742353498 00146
190311 1636 1 3214017429 00180
190311 1636 2 3214017429 00180
190311 1638 1 2744845370 00079
190311 1638 2 2744845370 00079
190311 1640 1 6237865324 00032
190311 1641 2 6237865324 00032
190311 1646 4 4285846892 00200
190311 1647 1 2742353498 00146
190311 1647 2 2742353498 00146
190311 1648 4 6237865324 00032
190311 1649 3 4285846892 00200
190311 1650 4 4285846892 00200
190311 1653 4 3214505957 00202
190311 1655 2 3214223381 00188
190311 1656 1 2742353514 00192
190311 1657 2 2742353514 00192
190311 1700 1 3214017429 00180
190311 1701 2 3214017429 00180
190311 1702 4 3214505957 00202
190311 1703 1 3690229446 00183
190311 1703 2 3690229446 00183
190311 1706 2 0674051067 00004
190311 1709 1 3408463525 00184
190311 1709 2 3408463525 00184
190311 1710 4 5713740026 00175
190311 1713 1 3145645846 00198
190311 1713 2 3145645846 00198
190311 1714 4 0674051067 00004
190311 1714 4 5714746026 00201
190311 1716 1 2393511778 00205
190311 1716 2 2393511778 00205
190311 1719 4 3214505957 00202
190311 1719 2 3214017429 00180
190311 1734 2 3180611065 00152
190311 1734 2 4286217980 00905
190311 1734 2 0025842283 00158
190311 1736 1 3145645846 00198
190311 1736 2 3145645846 00198
190311 1738 2 4286217980 00905
190311 1740 2 3180611065 00152
190311 1741 2 3180611065 00152
190311 1745 1 3465808053 00177
190311 1748 4 5714746026 00201
190311 1749 2 3214223381 00188
190311 1750 4 3214505957 00202
190311 1750 1 6237865324 00032
190311 1750 2 2742353498 00146
190311 1751 1 3180611065 00152
190311 1753 4 0024646619 00169
190311 1753 1 3466748197 00150
190311 1759 1 2393511778 00205
190311 1759 2 2393511778 00205
190311 1801 1 3466658213 00186
190311 1801 2 3466658213 00186
190311 1803 3 0024646619 00169
190311 1805 1 3214223381 00188
190311 1806 1 3408463525 00184
190311 1807 2 3408463525 00184
190311 1807 1 3214223381 00188
190311 1808 2 3213553141 00195
190311 1810 4 3595204294 00193
190311 1811 2 3213553141 00195
190311 1813 1 2394843026 00210
190311 1814 2 2394843026 00210
190311 1815 1 3213553141 00195
190311 1815 2 3213553141 00195
190311 1818 3 5714746026 00201
190311 1818 3 5714746026 00201
190311 1820 4 3214505957 00202
190311 1823 4 6237865324 00032
190311 1825 2 4286217980 00905
190311 1826 3 3595204294 00193
190311 1827 1 3213553141 00195
190311 1830 1 2742353514 00192
190311 1830 1 6237865324 00032
190311 1830 2 6237865324 00032
190311 1832 1 2742353514 00192
190311 1832 2 2742353514 00192
190311 1832 1 2742353514 00192
190311 1833 2 2742353514 00192
190311 1834 2 2393511778 00205
190311 1836 1 2393511778 00205
190311 1837 2 4286217980 00905
190311 1838 1 2394843026 00210
190311 1839 4 0025842283 00158
190311 1839 1 3214017429 00180
190311 1841 1 0025842283 00158
190311 1843 1 3408463525 00184
190311 1844 2 3145526534 00199
190311 1845 2 0025842283 00158
190311 1847 2 3391149413 00181
190311 1847 2 3180300217 00153
190311 1847 1 3145645846 00198
190311 1847 4 3214505957 00202
190311 1847 2 3145645846 00198
190311 1848 2 3690229446 00183
190311 1848 1 3145526534 00199
190311 1848 1 3466658213 00186
190311 1849 2 3145526534 00199
190311 1849 1 3690229446 00183
190311 1851 4 3214505957 00202
190311 1851 1 3391149413 00181
190311 1852 2 3391149413 00181
190311 1852 1 3180300217 00153
190311 1852 1 3690229446 00183
190311 1901 2 3466748197 00150
190311 1903 2 3465808053 00177
190311 1917 3 3214505957 00202
190311 1918 4 3214505957 00202
190311 1918 1 6237865324 00032
190311 1919 2 6237865324 00032
190311 1924 1 6237865324 00032
190311 1924 2 6237865324 00032
190311 1924 1 3214017429 00180
190311 1925 2 3214017429 00180
190311 1927 2 2742353498 00146
190311 1927 1 3145526534 00199
190311 1929 1 6238034684 00171
190311 1929 1 3466748197 00150
190311 1929 1 3145645846 00198
190311 1929 1 2742353498 00146
190311 1929 1 3391149413 00181
190311 1929 1 3214017429 00180
190311 1934 2 6237865324 00032
190311 1935 1 2744845370 00079
190311 1936 2 2744845370 00079
190311 1939 1 0025842283 00158
190311 1939 2 0025842283 00158
190311 1943 1 0025842283 00158
190311 2016 1 2744845370 00079
190311 2016 1 6237865324 00032
