190328 0800 1 6237865324 00032
190328 0801 2 6237865324 00032
190328 0807 1 6237865324 00032
190328 0807 2 6237865324 00032
190328 0816 1 3465808053 00177
190328 0817 2 3465808053 00177
190328 0825 1 3465808053 00177
190328 0825 3 0024646619 00169
190328 0825 2 3465808053 00177
190328 0825 3 0024646619 00169
190328 0827 4 0024646619 00169
190328 0835 4 0024646619 00169
190328 0836 3 5714746026 00201
190328 0836 3 5714746026 00201
190328 0837 4 5714746026 00201
190328 0838 1 3145526534 00199
190328 0838 2 3145526534 00199
190328 0839 4 0024646619 00169
190328 0841 1 2744845370 00079
190328 0842 2 2744845370 00079
190328 0846 1 2744845370 00079
190328 0846 2 2744845370 00079
190328 0848 1 3690229446 00183
190328 0849 2 3690229446 00183
190328 0853 1 2742353498 00146
190328 0853 2 2742353498 00146
190328 0855 1 3690229446 00183
190328 0855 2 3690229446 00183
190328 0900 1 2394843026 00210
190328 0900 2 2394843026 00210
190328 0902 4 5714746026 00201
190328 0903 1 3214223381 00188
190328 0903 1 2732830658 00207
190328 0904 2 2732830658 00207
190328 0904 2 3214223381 00188
190328 0910 1 3690229446 00183
190328 0910 2 3690229446 00183
190328 0912 1 4435111614 00164
190328 0912 2 4435111614 00164
190328 0913 2 2742353498 00146
190328 0917 1 2393511778 00205
190328 0917 2 2393511778 00205
190328 0919 1 3213553141 00195
190328 0919 3 4285846892 00200
190328 0919 4 4285846892 00200
190328 0919 2 3213553141 00195
190328 0921 2 1166545250 00208
190328 0921 4 4285846892 00200
190328 0923 2 2393511778 00205
190328 0923 2 3213553141 00195
190328 0924 2 1166545250 00208
190328 0925 4 2742354762 00047
190328 0926 1 3180611065 00152
190328 0926 2 3180611065 00152
190328 0928 4 2742354762 00047
190328 0930 3 3214505957 00202
190328 0931 4 3214505957 00202
190328 0931 3 0674051067 00004
190328 0932 4 0674051067 00004
190328 0932 1 3466748197 00150
190328 0932 2 3466748197 00150
190328 0933 1 3214017429 00180
190328 0934 2 3214017429 00180
190328 0934 1 3145645846 00198
190328 0934 2 3145645846 00198
190328 0938 2 2394843026 00210
190328 0939 4 3595204294 00193
190328 0941 1 6238034684 00171
190328 0941 2 6238034684 00171
190328 0946 1 2742353514 00192
190328 0946 2 2742353514 00192
190328 0951 2 2742353514 00192
190328 0957 2 2744845370 00079
190328 0959 2 0674051067 00004
190328 0959 2 3690229446 00183
190328 1000 2 6355944412 00000
190328 1000 1 3408463525 00184
190328 1000 2 3408463525 00184
190328 1001 2 3145526534 00199
190328 1006 2 4435111614 00164
190328 1006 1 3466658213 00186
190328 1006 1 3391149413 00181
190328 1006 2 3466658213 00186
190328 1007 2 3391149413 00181
190328 1008 4 3595204294 00193
190328 1009 1 4286217980 00905
190328 1010 2 4286217980 00905
190328 1011 1 1484663634 00166
190328 1011 2 3466658213 00186
190328 1012 2 2394843026 00210
190328 1016 2 3214223381 00188
190328 1016 1 3180300217 00153
190328 1016 2 3180300217 00153
190328 1017 1 3214017429 00180
190328 1017 2 3214017429 00180
190328 1017 1 2732830658 00207
190328 1017 2 2732830658 00207
190328 1019 2 3214223381 00188
190328 1020 2 3214223381 00188
190328 1020 1 4285846892 00200
190328 1021 1 3466733797 00190
190328 1021 2 3466733797 00190
190328 1022 1 3213553141 00195
190328 1023 2 3213553141 00195
190328 1025 4 0674051067 00004
190328 1027 1 3466748197 00150
190328 1027 2 3466748197 00150
190328 1031 4 3145645846 00198
190328 1033 1 3214223381 00188
190328 1034 2 3214223381 00188
190328 1035 2 1484663634 00166
190328 1036 4 0674051067 00004
190328 1038 2 2393511778 00205
190328 1039 2 4435111614 00164
190328 1040 2 0674051067 00004
190328 1043 2 4286217980 00905
190328 1050 4 3214505957 00202
190328 1051 2 3214223381 00188
190328 1055 4 0024646619 00169
190328 1105 1 2394843026 00210
190328 1105 2 2394843026 00210
190328 1110 1 3214017429 00180
190328 1110 2 3214017429 00180
190328 1111 1 3214223381 00188
190328 1114 1 6237865324 00032
190328 1114 2 6237865324 00032
190328 1116 1 3145645846 00198
190328 1117 1 3466658213 00186
190328 1117 2 3466658213 00186
190328 1119 4 2742354762 00047
190328 1120 1 2393511778 00205
190328 1120 2 2393511778 00205
190328 1121 1 2742353514 00192
190328 1122 2 2742353514 00192
190328 1122 1 3180300217 00153
190328 1122 2 3180300217 00153
190328 1125 1 2742353514 00192
190328 1125 2 3145645846 00198
190328 1126 3 4285846892 00200
190328 1127 4 4285846892 00200
190328 1127 2 3145645846 00198
190328 1128 2 3214223381 00188
190328 1130 2 4286217980 00905
190328 1130 2 3214223381 00188
190328 1132 1 4286217980 00905
190328 1132 2 4286217980 00905
190328 1135 1 1484663634 00166
190328 1135 2 1484663634 00166
190328 1136 1 3145526534 00199
190328 1136 2 3145526534 00199
190328 1145 2 3145645846 00198
190328 1148 4 3595204294 00193
190328 1150 1 1166545250 00208
190328 1150 2 1166545250 00208
190328 1150 1 3213553141 00195
190328 1150 2 3213553141 00195
190328 1152 2 2393511778 00205
190328 1155 1 3465808053 00177
190328 1155 2 3465808053 00177
190328 1156 1 0674051067 00004
190328 1156 2 0674051067 00004
190328 1157 4 3214505957 00202
190328 1158 1 3214017429 00180
190328 1158 2 3214017429 00180
190328 1159 4 0674051067 00004
190328 1200 3 4285846892 00200
190328 1200 2 3214223381 00188
190328 1202 2 2393511778 00205
190328 1207 2 3213553141 00195
190328 1207 4 0024646619 00169
190328 1209 4 3595204294 00193
190328 1209 1 2742353514 00192
190328 1210 2 2742353514 00192
190328 1210 1 2394843026 00210
190328 1210 2 2394843026 00210
190328 1212 4 3595204294 00193
190328 1213 1 3690229446 00183
190328 1214 2 3690229446 00183
190328 1216 4 0674051067 00004
190328 1216 1 2732830658 00207
190328 1217 1 3690229446 00183
190328 1217 2 3408463525 00184
190328 1218 2 4286217980 00905
190328 1219 2 3145526534 00199
190328 1222 2 3145526534 00199
190328 1223 2 1484663634 00166
190328 1225 2 1484663634 00166
190328 1226 4 2742354762 00047
190328 1228 2 2394843026 00210
190328 1235 2 1166545250 00208
190328 1238 4 5714746026 00201
190328 1239 2 3213553141 00195
190328 1239 2 2742353514 00192
190328 1239 2 2742353498 00146
190328 1243 2 2742353514 00192
190328 1244 2 2732830658 00207
190328 1245 4 5714746026 00201
190328 1249 2 6237865324 00032
190328 1257 1 3465808053 00177
190328 1258 2 3465808053 00177
190328 1258 1 3391149413 00181
190328 1259 2 3466658213 00186
190328 1259 4 0024646619 00169
190328 1301 2 3466658213 00186
190328 1301 2 2742353498 00146
190328 1302 2 4286217980 00905
190328 1302 2 3145645846 00198
190328 1302 1 3408463525 00184
190328 1303 2 3180300217 00153
190328 1303 2 3408463525 00184
190328 1303 1 4435111614 00164
190328 1304 1 3180611065 00152
190328 1304 2 4435111614 00164
190328 1305 1 3466748197 00150
190328 1305 2 3466748197 00150
190328 1306 4 3595204294 00193
190328 1310 2 3690229446 00183
190328 1311 2 1484663634 00166
190328 1312 2 2742353498 00146
190328 1313 2 2394843026 00210
190328 1317 4 5714746026 00201
190328 1319 2 6355944412 00000
190328 1322 2 3214223381 00188
190328 1323 2 2744845370 00079
190328 1330 2 3465808053 00177
190328 1331 2 2742353514 00192
190328 1332 2 1166545250 00208
190328 1337 2 3213553141 00195
190328 1338 2 3408463525 00184
190328 1339 4 2393511778 00205
190328 1340 4 4286217980 00905
190328 1342 2 4435111614 00164
190328 1342 1 4286217980 00905
190328 1342 2 4286217980 00905
190328 1342 1 2393511778 00205
190328 1342 2 2393511778 00205
190328 1349 1 2742353514 00192
190328 1351 1 3214223381 00188
190328 1356 1 3145526534 00199
190328 1356 2 3145526534 00199
190328 1358 1 3466658213 00186
190328 1359 2 3466658213 00186
190328 1359 1 6238034684 00171
190328 1359 2 6238034684 00171
190328 1405 2 6237865324 00032
190328 1408 4 3391149413 00181
190328 1412 4 0024646619 00169
190328 1421 4 2742354762 00047
190328 1423 1 2744845370 00079
190328 1424 2 2744845370 00079
190328 1433 1 3180300217 00153
190328 1433 2 3180300217 00153
190328 1443 1 3213553141 00195
190328 1443 2 3213553141 00195
190328 1446 1 3214017429 00180
190328 1447 2 3214017429 00180
190328 1447 2 3145526534 00199
190328 1449 1 2393511778 00205
190328 1449 4 3214505957 00202
190328 1449 2 2393511778 00205
190328 1451 2 2394843026 00210
190328 1451 2 3214223381 00188
190328 1453 4 3214505957 00202
190328 1455 1 3145645846 00198
190328 1455 2 3145645846 00198
190328 1457 4 3214505957 00202
190328 1457 4 4286217980 00905
190328 1504 1 3690229446 00183
190328 1505 2 3690229446 00183
190328 1505 1 3408463525 00184
190328 1506 2 3408463525 00184
190328 1508 1 4286217980 00905
190328 1509 2 4286217980 00905
190328 1510 2 3214223381 00188
190328 1510 1 3466658213 00186
190328 1511 2 3466658213 00186
190328 1512 1 1484663634 00166
190328 1512 2 1484663634 00166
190328 1516 1 0674051067 00004
190328 1516 2 0674051067 00004
190328 1516 1 6355944412 00000
190328 1517 2 6355944412 00000
190328 1529 1 1166545250 00208
190328 1529 2 1166545250 00208
190328 1537 1 2394843026 00210
190328 1537 2 2394843026 00210
190328 1538 1 3214223381 00188
190328 1538 2 3214223381 00188
190328 1545 4 0674051067 00004
190328 1547 1 2393511778 00205
190328 1547 2 2393511778 00205
190328 1604 1 3466733797 00190
190328 1604 2 3466733797 00190
190328 1605 1 3213553141 00195
190328 1606 2 3213553141 00195
190328 1610 1 3466748197 00150
190328 1610 2 3466748197 00150
190328 1611 1 2744845370 00079
190328 1611 2 2744845370 00079
190328 1619 4 3214505957 00202
190328 1619 1 3466658213 00186
190328 1620 2 3466658213 00186
190328 1621 1 3214017429 00180
190328 1621 2 3214017429 00180
190328 1622 1 0024646619 00169
190328 1622 2 0024646619 00169
190328 1622 1 3690229446 00183
190328 1623 2 3690229446 00183
190328 1624 1 2394843026 00210
190328 1624 2 2394843026 00210
190328 1627 4 0024646619 00169
190328 1631 4 2742354762 00047
190328 1632 1 6237865324 00032
190328 1632 2 6237865324 00032
190328 1633 1 3391149413 00181
190328 1634 2 3391149413 00181
190328 1634 4 5714746026 00201
190328 1636 1 3180300217 00153
190328 1636 2 2742353498 00146
190328 1636 2 3180300217 00153
190328 1640 4 4286217980 00905
190328 1645 2 3145645846 00198
190328 1646 2 4435111614 00164
190328 1649 1 2393511778 00205
190328 1649 2 2393511778 00205
190328 1650 1 2732830658 00207
190328 1650 2 2732830658 00207
190328 1650 1 3180300217 00153
190328 1651 2 3180300217 00153
190328 1652 1 3213553141 00195
190328 1653 2 3213553141 00195
190328 1655 1 3180611065 00152
190328 1656 2 3180611065 00152
190328 1656 2 1166545250 00208
190328 1659 1 2394843026 00210
190328 1659 2 2394843026 00210
190328 1705 1 3465808053 00177
190328 1705 2 3465808053 00177
190328 1711 1 3408463525 00184
190328 1712 2 3408463525 00184
190328 1713 4 5714746026 00201
190328 1713 4 0674051067 00004
190328 1713 1 2744845370 00079
190328 1713 2 2744845370 00079
190328 1714 1 3145526534 00199
190328 1715 2 3145526534 00199
190328 1718 4 0674051067 00004
190328 1718 1 2393511778 00205
190328 1718 2 2393511778 00205
190328 1728 1 3214223381 00188
190328 1730 1 3466748197 00150
190328 1730 2 3466748197 00150
190328 1730 4 0024646619 00169
190328 1731 1 4286217980 00905
190328 1732 2 4286217980 00905
190328 1733 4 3595204294 00193
190328 1739 1 2744845370 00079
190328 1739 2 2744845370 00079
190328 1742 1 2393511778 00205
190328 1742 2 2393511778 00205
190328 1746 4 3214505957 00202
190328 1748 1 3690229446 00183
190328 1748 2 3690229446 00183
190328 1749 1 3180611065 00152
190328 1753 1 3213553141 00195
190328 1753 2 3213553141 00195
190328 1755 1 2732830658 00207
190328 1755 2 2732830658 00207
190328 1759 2 3214223381 00188
190328 1803 1 3214223381 00188
190328 1806 1 4435111614 00164
190328 1806 2 4435111614 00164
190328 1811 3 0024646619 00169
190328 1811 1 4286217980 00905
190328 1811 2 4286217980 00905
190328 1813 1 1484663634 00166
190328 1813 2 1484663634 00166
190328 1813 2 3145645846 00198
190328 1814 2 2744845370 00079
190328 1814 2 3466733797 00190
190328 1815 2 2742353498 00146
190328 1816 4 5714746026 00201
190328 1818 2 6237865324 00032
190328 1818 3 5714746026 00201
190328 1819 2 3466658213 00186
190328 1820 2 3408463525 00184
190328 1820 1 2742353498 00146
190328 1820 2 6237865324 00032
190328 1822 1 3213553141 00195
190328 1824 2 2742353498 00146
190328 1826 2 1166545250 00208
190328 1826 1 2744845370 00079
190328 1831 2 1166545250 00208
190328 1831 1 1166545250 00208
190328 1833 1 3465808053 00177
190328 1833 2 2732830658 00207
190328 1835 2 2394843026 00210
190328 1836 4 3595204294 00193
190328 1836 2 3180300217 00153
190328 1836 2 2394843026 00210
190328 1838 1 3690229446 00183
190328 1838 1 3180300217 00153
190328 1839 1 4435111614 00164
190328 1841 1 3466658213 00186
190328 1857 1 6237865324 00032
190328 1857 2 6237865324 00032
190328 1900 1 2732830658 00207
190328 1900 2 2732830658 00207
190328 1901 3 3595204294 00193
190328 1902 1 2393511778 00205
190328 1902 2 2393511778 00205
190328 1909 4 0674051067 00004
190328 1910 4 3214505957 00202
190328 1916 1 3214017429 00180
190328 1916 2 3214017429 00180
190328 1916 1 3145645846 00198
190328 1916 1 3214017429 00180
190328 1919 1 3408463525 00184
190328 1920 1 6237865324 00032
190328 1921 2 6237865324 00032
190328 1921 2 3145526534 00199
190328 1927 1 3466748197 00150
190328 1927 1 3391149413 00181
190328 1928 1 3145526534 00199
190328 1928 1 2732830658 00207
190328 1928 1 2393511778 00205
190328 1935 2 6238034684 00171
190328 1935 1 6238034684 00171
190328 1936 1 6237865324 00032
