190425 0752 1 6237865324 00032
190425 0753 2 6237865324 00032
190425 0800 1 6237865324 00032
190425 0800 2 6237865324 00032
190425 0818 1 6355944412 00000
190425 0818 2 6355944412 00000
190425 0827 3 0024646619 00169
190425 0827 3 0024646619 00169
190425 0829 1 3214223381 00188
190425 0829 4 0024646619 00169
190425 0836 1 3214223381 00188
190425 0843 3 5714746026 00201
190425 0843 3 5714746026 00201
190425 0843 4 5714746026 00201
190425 0844 4 0024646619 00169
190425 0850 4 5714746026 00201
190425 0854 1 3213553141 00195
190425 0854 2 3213553141 00195
190425 0856 2 3213553141 00195
190425 0901 1 2732830658 00207
190425 0902 2 2732830658 00207
190425 0903 1 2742353498 00146
190425 0903 2 2742353498 00146
190425 0903 2 2732830658 00207
190425 0905 1 3690229446 00183
190425 0906 2 3690229446 00183
190425 0906 1 2742353498 00146
190425 0906 2 2742353498 00146
190425 0909 1 3690229446 00183
190425 0910 2 3690229446 00183
190425 0910 1 2744845370 00079
190425 0910 2 2744845370 00079
190425 0912 1 2393511778 00205
190425 0913 2 2393511778 00205
190425 0915 1 2744845370 00079
190425 0916 2 2744845370 00079
190425 0916 1 3213553141 00195
190425 0916 2 3213553141 00195
190425 0917 1 0025842283 00158
190425 0918 2 0025842283 00158
190425 0919 3 4285846892 00200
190425 0919 4 4285846892 00200
190425 0921 1 3466658213 00186
190425 0921 2 3466658213 00186
190425 0922 1 2394843026 00210
190425 0922 2 2394843026 00210
190425 0924 1 1166545250 00208
190425 0924 2 1166545250 00208
190425 0924 4 4285846892 00200
190425 0925 3 3214505957 00202
190425 0925 4 3214505957 00202
190425 0925 2 0025842283 00158
190425 0926 3 3595204294 00193
190425 0926 4 3595204294 00193
190425 0926 1 3180611065 00152
190425 0926 2 3180611065 00152
190425 0927 1 4435111614 00164
190425 0927 2 4435111614 00164
190425 0928 1 1166545250 00208
190425 0928 2 1166545250 00208
190425 0929 1 3465808053 00177
190425 0930 2 3465808053 00177
190425 0930 1 3145645846 00198
190425 0930 2 3145645846 00198
190425 0931 1 6237865324 00032
190425 0931 2 6237865324 00032
190425 0931 1 3214017429 00180
190425 0933 2 6237865324 00032
190425 0934 2 3466658213 00186
190425 0935 2 1484663634 00166
190425 0935 2 3465808053 00177
190425 0935 2 3214223381 00188
190425 0936 4 3595204294 00193
190425 0936 2 2394843026 00210
190425 0942 4 0024646619 00169
190425 0942 1 6238034684 00171
190425 0942 2 6238034684 00171
190425 0943 2 3214223381 00188
190425 0944 2 3465808053 00177
190425 0945 2 3214223381 00188
190425 0945 1 3214223381 00188
190425 0946 2 6237865324 00032
190425 0952 4 0674051067 00004
190425 0957 4 3214505957 00202
190425 0959 2 0025842283 00158
190425 0959 4 3214505957 00202
190425 1000 2 0025842283 00158
190425 1004 1 3180300217 00153
190425 1005 2 3180300217 00153
190425 1013 1 6237865324 00032
190425 1013 2 6237865324 00032
190425 1015 1 2742353498 00146
190425 1015 2 2742353498 00146
190425 1019 4 4285846892 00200
190425 1024 1 2732830658 00207
190425 1024 2 2732830658 00207
190425 1026 1 3180300217 00153
190425 1027 2 3180300217 00153
190425 1037 1 3690229446 00183
190425 1038 2 3145645846 00198
190425 1041 1 2394843026 00210
190425 1041 2 2394843026 00210
190425 1041 2 2394843026 00210
190425 1042 1 3213553141 00195
190425 1042 2 3213553141 00195
190425 1043 4 2742354762 00047
190425 1046 2 3214104853 00901
190425 1046 4 2742354762 00047
190425 1047 2 3214223381 00188
190425 1049 2 3214104853 00901
190425 1049 4 5714746026 00201
190425 1051 4 3595204294 00193
190425 1051 2 0025842283 00158
190425 1052 2 3214223381 00188
190425 1053 2 3214223381 00188
190425 1053 1 2744845370 00079
190425 1053 2 2744845370 00079
190425 1055 1 3214017429 00180
190425 1055 2 3214223381 00188
190425 1056 1 3214104853 00901
190425 1057 2 3214104853 00901
190425 1058 2 3214104853 00901
190425 1058 1 5714746026 00201
190425 1101 2 3180611065 00152
190425 1101 2 0025842283 00158
190425 1101 1 4285846892 00200
190425 1103 4 5714746026 00201
190425 1106 2 3214223381 00188
190425 1112 2 3466658213 00186
190425 1118 2 1166545250 00208
190425 1130 2 2732830658 00207
190425 1133 2 3214223381 00188
190425 1136 2 2393511778 00205
190425 1136 2 3214223381 00188
190425 1139 2 2394843026 00210
190425 1139 2 3214223381 00188
190425 1144 2 6237865324 00032
190425 1145 2 3465808053 00177
190425 1146 2 3465808053 00177
190425 1146 2 3465808053 00177
190425 1153 2 3214017429 00180
190425 1157 1 3391149413 00181
190425 1158 2 3391149413 00181
190425 1158 2 2744845370 00079
190425 1200 1 2742353514 00192
190425 1201 2 2742353514 00192
190425 1201 2 3214104853 00901
190425 1202 2 3180300217 00153
190425 1207 4 0024646619 00169
190425 1208 2 3690229446 00183
190425 1212 2 2394843026 00210
190425 1215 4 3595204294 00193
190425 1220 2 2393511778 00205
190425 1220 2 2732830658 00207
190425 1220 2 3466658213 00186
190425 1220 4 3595204294 00193
190425 1223 2 3465808053 00177
190425 1224 2 2394843026 00210
190425 1224 2 2742353498 00146
190425 1227 2 6237865324 00032
190425 1231 2 2393511778 00205
190425 1232 2 3690229446 00183
190425 1235 2 2744845370 00079
190425 1237 2 2744845370 00079
190425 1238 2 3214017429 00180
190425 1241 3 1166545250 00208
190425 1241 4 1166545250 00208
190425 1244 4 0674051067 00004
190425 1245 4 2742354762 00047
190425 1245 2 1484663634 00166
190425 1248 2 2732830658 00207
190425 1251 2 6355944412 00000
190425 1259 4 0024646619 00169
190425 1259 2 3214104853 00901
190425 1259 2 3214223381 00188
190425 1301 4 3595204294 00193
190425 1301 2 2393511778 00205
190425 1302 2 2744845370 00079
190425 1303 2 3214017429 00180
190425 1305 4 5714746026 00201
190425 1305 2 4435111614 00164
190425 1307 2 4435111614 00164
190425 1312 2 2742353498 00146
190425 1314 4 3595204294 00193
190425 1315 2 3180611065 00152
190425 1316 2 2742353514 00192
190425 1316 2 3180611065 00152
190425 1318 2 3213553141 00195
190425 1318 4 4285846892 00200
190425 1320 2 3180611065 00152
190425 1321 4 3214505957 00202
190425 1321 3 4285846892 00200
190425 1321 2 0025842283 00158
190425 1323 2 6238034684 00171
190425 1324 2 6237865324 00032
190425 1327 2 1166545250 00208
190425 1330 2 3214223381 00188
190425 1333 2 2742353498 00146
190425 1335 2 3214223381 00188
190425 1337 2 3214104853 00901
190425 1338 2 0025842283 00158
190425 1343 4 3214505957 00202
190425 1345 2 3213553141 00195
190425 1346 4 3214505957 00202
190425 1348 2 3214223381 00188
190425 1353 2 3465808053 00177
190425 1353 2 3180300217 00153
190425 1355 2 3213553141 00195
190425 1355 1 2394843026 00210
190425 1355 2 2394843026 00210
190425 1358 2 3145645846 00198
190425 1359 2 2393511778 00205
190425 1400 2 2742353514 00192
190425 1401 2 2742353514 00192
190425 1406 2 2742353514 00192
190425 1411 2 4435111614 00164
190425 1416 1 2744845370 00079
190425 1416 2 2744845370 00079
190425 1418 1 2742353514 00192
190425 1418 2 2742353514 00192
190425 1422 1 3690229446 00183
190425 1422 2 3690229446 00183
190425 1427 4 2742354762 00047
190425 1430 2 6237865324 00032
190425 1437 1 2393511778 00205
190425 1453 4 0024646619 00169
190425 1455 4 3595204294 00193
190425 1456 1 2744845370 00079
190425 1456 2 2744845370 00079
190425 1457 1 3145645846 00198
190425 1457 2 3145645846 00198
190425 1500 1 3213553141 00195
190425 1501 2 3213553141 00195
190425 1504 1 3214017429 00180
190425 1504 2 3214017429 00180
190425 1505 1 3466733797 00190
190425 1505 1 3466748197 00150
190425 1505 2 3466733797 00190
190425 1506 1 2394843026 00210
190425 1507 2 2394843026 00210
190425 1511 1 3214104853 00901
190425 1511 1 3214505957 00202
190425 1511 2 3214104853 00901
190425 1512 1 3466748197 00150
190425 1514 4 3214505957 00202
190425 1516 4 3214505957 00202
190425 1517 1 3466658213 00186
190425 1517 2 3466658213 00186
190425 1519 1 3180611065 00152
190425 1520 2 3180611065 00152
190425 1523 1 2393511778 00205
190425 1523 2 2393511778 00205
190425 1526 1 6355944412 00000
190425 1526 2 6355944412 00000
190425 1527 1 3214223381 00188
190425 1529 2 3214223381 00188
190425 1530 1 3180300217 00153
190425 1530 2 3180300217 00153
190425 1532 2 3180300217 00153
190425 1534 2 3214017429 00180
190425 1542 4 3214104853 00901
190425 1545 3 3214505957 00202
190425 1545 4 3214505957 00202
190425 1546 2 3214104853 00901
190425 1548 4 0674051067 00004
190425 1548 1 2394843026 00210
190425 1548 2 2394843026 00210
190425 1550 1 0674051067 00004
190425 1550 1 2732830658 00207
190425 1551 2 2732830658 00207
190425 1551 2 4435111614 00164
190425 1552 1 3690229446 00183
190425 1552 2 3690229446 00183
190425 1557 1 3213553141 00195
190425 1557 2 3213553141 00195
190425 1557 4 0674051067 00004
190425 1600 2 4435111614 00164
190425 1603 4 2742354762 00047
190425 1606 3 5714746026 00201
190425 1606 4 5714746026 00201
190425 1607 1 1166545250 00208
190425 1608 2 1166545250 00208
190425 1610 1 2393511778 00205
190425 1611 2 2393511778 00205
190425 1613 2 3180611065 00152
190425 1614 4 5714746026 00201
190425 1614 2 3180611065 00152
190425 1617 2 3145645846 00198
190425 1621 1 2744845370 00079
190425 1622 2 2744845370 00079
190425 1625 1 2742353514 00192
190425 1625 2 2742353514 00192
190425 1626 1 2394843026 00210
190425 1626 2 2394843026 00210
190425 1631 2 3214223381 00188
190425 1634 1 3214017429 00180
190425 1635 2 3214017429 00180
190425 1637 4 0024646619 00169
190425 1639 2 3214104853 00901
190425 1643 1 3214104853 00901
190425 1644 2 3214104853 00901
190425 1648 1 3145645846 00198
190425 1648 2 3145645846 00198
190425 1650 1 0674051067 00004
190425 1650 2 0674051067 00004
190425 1658 2 4435111614 00164
190425 1703 1 6237865324 00032
190425 1707 1 2744845370 00079
190425 1707 2 2744845370 00079
190425 1708 1 3466658213 00186
190425 1708 2 3466658213 00186
190425 1708 1 1484663634 00166
190425 1710 1 2393511778 00205
190425 1710 2 2393511778 00205
190425 1711 1 2394843026 00210
190425 1711 2 2394843026 00210
190425 1713 1 3690229446 00183
190425 1713 2 3690229446 00183
190425 1717 4 0024646619 00169
190425 1721 1 6355944412 00000
190425 1721 2 6355944412 00000
190425 1721 1 1166545250 00208
190425 1721 2 1166545250 00208
190425 1724 1 3214017429 00180
190425 1725 4 0674051067 00004
190425 1725 2 3214017429 00180
190425 1728 1 3466565125 00900
190425 1728 1 0674051067 00004
190425 1729 2 0674051067 00004
190425 1734 4 0674051067 00004
190425 1735 4 3214505957 00202
190425 1736 2 3214104853 00901
190425 1738 2 3391149413 00181
190425 1739 2 2742353498 00146
190425 1744 2 2742353514 00192
190425 1745 2 3466733797 00190
190425 1745 2 3180300217 00153
190425 1748 2 2393511778 00205
190425 1750 2 0025842283 00158
190425 1751 2 3466658213 00186
190425 1753 2 3180611065 00152
190425 1753 4 0024646619 00169
190425 1754 2 2394843026 00210
190425 1754 2 0025842283 00158
190425 1757 2 1484663634 00166
190425 1758 2 6237865324 00032
190425 1800 3 0024646619 00169
190425 1801 1 3214223381 00188
190425 1801 2 3180611065 00152
190425 1804 1 3180611065 00152
190425 1805 2 3180611065 00152
190425 1805 1 2732830658 00207
190425 1805 2 2732830658 00207
190425 1809 2 3466733797 00190
190425 1810 4 3595204294 00193
190425 1811 1 2742353514 00192
190425 1812 2 3180611065 00152
190425 1813 1 1484663634 00166
190425 1814 2 1484663634 00166
190425 1815 3 5714746026 00201
190425 1818 2 1484663634 00166
190425 1818 4 0674051067 00004
190425 1821 1 6237865324 00032
190425 1825 2 1484663634 00166
190425 1826 2 3213553141 00195
190425 1827 2 2744845370 00079
190425 1829 1 3213553141 00195
190425 1836 2 6237865324 00032
190425 1840 2 6237865324 00032
190425 1840 2 2394843026 00210
190425 1845 4 3214505957 00202
190425 1846 2 3214017429 00180
190425 1846 2 1166545250 00208
190425 1847 2 3466658213 00186
190425 1849 2 2732830658 00207
190425 1849 2 6237865324 00032
190425 1853 2 3180611065 00152
190425 1853 1 1166545250 00208
190425 1853 1 2394843026 00210
190425 1854 1 4435111614 00164
190425 1856 2 3180611065 00152
190425 1857 1 2744845370 00079
190425 1900 1 3466748197 00150
190425 1900 2 6237865324 00032
190425 1900 2 3466748197 00150
190425 1902 1 3690229446 00183
190425 1909 2 3180300217 00153
190425 1909 1 3180300217 00153
190425 1911 4 3595204294 00193
190425 1912 1 3466658213 00186
190425 1912 3 3595204294 00193
190425 1913 2 1484663634 00166
190425 1915 2 6237865324 00032
190425 1915 1 3465808053 00177
190425 1918 2 2732830658 00207
190425 1919 4 0674051067 00004
190425 1921 2 3214017429 00180
190425 1922 1 3145645846 00198
190425 1922 2 2732830658 00207
190425 1923 2 0674051067 00004
190425 1924 2 6238034684 00171
190425 1925 1 3214017429 00180
190425 1925 1 3180300217 00153
190425 1925 1 2393511778 00205
190425 1925 1 2732830658 00207
190425 1925 1 3391149413 00181
190425 1925 1 6237865324 00032
190425 1925 1 6238034684 00171
190425 1926 1 1484663634 00166
190425 2001 4 3214505957 00202
190425 2005 4 3214505957 00202
190425 2007 4 3214505957 00202
190425 2007 3 3214505957 00202
